1481642038.75 0
1481642044.69 2865
1481642050.87 2197
1481642056.61 3658
1481642062.67 3708
1481642068.62 0
1481642074.99 3427
1481642080.63 2901
1481642086.9 3497
1481642092.4 2574
1481642100.27 3282
1481642105.81 2475
1481642111.13 0
1481642116.67 0
1481642121.99 2273
1481642127.32 0
1481642132.64 0
1481642137.98 3323
1481642143.06 0
1481642148.41 5558
1481642153.64 3396
1481642158.97 3650
1481642164.3 4046
1481642170.25 3398
1481642176.51 3745
1481642181.88 3694
1481642187.17 0
1481642192.6 0
1481642197.92 3716
1481642203.26 3847
1481642208.37 3881
1481642213.49 3621
1481642218.71 2943
1481642224.14 3891
1481642229.58 3176
1481642234.9 3771
1481642240.54 1955
1481642245.24 0
