1481644889.36 140
1481644895.63 180
1481644902.1 160
1481644907.77 280
1481644913.35 180
1481644920.07 160
1481644925.82 100
1481644931.14 240
1481644937.63 220
1481644943.67 140
1481644949.21 0
1481644955.05 0
1481644960.48 220
1481644965.82 220
1481644971.46 220
1481644976.99 260
1481644982.21 140
1481644987.64 280
1481644992.97 120
1481645001.01 160
1481645008.95 240
1481645014.69 0
1481645020.75 180
1481645026.19 260
1481645031.87 0
1481645036.96 220
1481645042.17 0
1481645047.49 0
1481645052.82 200
1481645058.57 200
1481645063.89 200
1481645070.26 200
