1481733001.4 0.87063652
1481733007.46 0.82359743
1481733013.17 0.81040353
1481733019.58 0.75695717
1481733026.41 0.61
1481733033.15 0.65054041
1481733039.43 0.82764983
1481733046.42 0.72454524
1481733053.42 0.80950916
1481733059.37 0.61
1481733066.22 0.77143246
1481733072.62 0.7290265
1481733081.31 0.61
1481733087.78 0.78701061
1481733093.63 0.88534486
1481733100.84 0.71160305
1481733106.7 0.61
1481733116.19 0.7758624
1481733123.01 0.70913339
1481733128.93 0.9751603
1481733134.53 0.96620375
1481733140.63 0.62881571
1481733146.79 0.70577866
1481733153.37 0.83196288
