1481732996 84.8446
1481732998 81.4152
1481733000 99.8404
1481733002 93.4255
1481733004 93.1459
1481733006 91.9977
1481733008 90.1362
1481733010 90.1995
1481733012 92.5406
1481733014 84.0848
1481733016 95.326
1481733018 93.235
1481733020 94.1714
1481733023 92.2973
1481733025 93.6414
1481733027 90.8238
1481733029 91.9863
1481733031 92.5039
1481733033 92.4501
1481733035 90.4049
1481733037 90.5021
1481733039 94.0156
1481733041 93.1943
1481733043 92.4311
1481733045 92.2105
1481733047 88.3676
1481733049 91.3915
1481733051 89.6327
1481733054 90.735
1481733056 90.5417
1481733058 92.7292
1481733060 92.0924
1481733062 94.0236
1481733064 91.0778
1481733066 94.9804
1481733068 94.3371
1481733070 90.8181
1481733072 91.1529
1481733074 90.512
1481733076 93.736
1481733078 93.7807
1481733080 88.2723
1481733083 91.5451
1481733085 94.6927
1481733087 87.8619
1481733089 88.0616
1481733091 92.6819
1481733093 89.519
1481733095 88.5706
1481733097 93.1086
1481733099 94.4714
1481733101 92.9667
1481733103 93.7088
1481733105 94.2626
1481733107 90.6169
1481733109 94.3612
1481733112 96.9959
1481733114 92.7495
1481733116 92.9681
1481733118 97.555
1481733120 92.3354
1481733122 93.4562
1481733124 92.1553
1481733126 94.72
1481733128 92.2833
1481733130 88.7442
1481733132 90.2888
1481733134 90.2008
1481733136 89.5971
1481733138 91.6523
1481733140 89.7115
1481733143 90.6012
1481733145 98.653
1481733147 90.7361
1481733149 71.9872
1481733151 96.5479
