1481736259 100.946
1481736261 96.7366
1481736263 89.7409
1481736265 92.0573
1481736267 89.7899
1481736270 95.3256
1481736272 91.8374
1481736274 98.7709
1481736276 81.8216
1481736278 83.7031
1481736280 87.5192
1481736282 88.6559
1481736284 89.1519
1481736286 97.7324
1481736288 95.8985
1481736290 89.6228
1481736292 95.8652
1481736294 84.71
1481736296 87.9273
1481736298 87.6175
1481736301 95.8949
1481736303 85.8857
1481736305 92.3763
1481736307 94.2415
1481736309 86.581
1481736311 89.4039
1481736313 82.2543
1481736315 92.4936
1481736317 96.0187
1481736319 90.2808
1481736321 91.9782
1481736323 94.0851
1481736325 90.8162
1481736327 88.9797
1481736330 88.6936
1481736332 89.1103
1481736334 97.0618
1481736336 85.1404
1481736338 96.427
1481736340 94.3056
1481736342 86.8725
1481736344 91.8623
1481736346 90.518
1481736348 87.3318
1481736350 93.5435
1481736352 89.2917
1481736354 87.916
1481736356 93.2817
1481736358 87.648
1481736361 85.8055
1481736363 94.3448
1481736365 92.9029
1481736367 96.0378
1481736369 94.3722
1481736371 90.5582
1481736373 95.677
1481736375 94.9716
1481736377 91.9032
1481736379 96.9223
1481736381 94.8524
1481736383 98.3687
1481736385 88.8107
1481736387 76.7403
1481736390 93.8803
1481736392 85.8548
1481736394 90.1777
1481736396 92.3614
1481736398 83.3735
1481736400 85.6951
1481736402 89.6172
1481736404 76.321
1481736406 81.8815
1481736408 93.5083
1481736410 88.82
1481736412 83.759
1481736414 95.2401
1481736416 88.8445
1481736418 91.4778
1481736421 91.0772
1481736423 88.4485
1481736425 96.1935
1481736427 94.5666
