1481644567.66 40
1481644575.39 160
1481644581.34 160
1481644586.98 240
1481644592.72 260
1481644598.16 160
1481644604.01 180
1481644610.06 260
1481644615.81 200
1481644621.76 220
1481644627.8 160
1481644633.77 240
1481644640.66 220
1481644645.99 140
1481644652.47 0
1481644659.47 180
1481644666.47 0
1481644672.29 260
1481644678.43 200
1481644684.18 220
1481644691.42 200
1481644697.8 0
1481644705.21 180
1481644712.42 220
1481644717.96 140
1481644723.46 260
1481644728.82 260
1481644734.99 0
1481644743.86 260
1481644750.34 220
1481644756.19 140
