1481628493.75 60
1481628499.81 180
1481628506.91 0
1481628512.87 260
1481628518.61 180
1481628526.03 220
1481628532.29 200
1481628538.04 220
1481628545.28 80
1481628551.31 180
1481628557.36 0
1481628564.15 140
1481628570.11 180
1481628575.95 0
1481628582.22 0
1481628588.8 220
1481628594.76 220
1481628600.6 200
1481628606.45 220
1481628614.08 200
1481628619.72 0
1481628625.57 220
1481628631.52 260
1481628638.31 140
1481628644.68 220
1481628650.32 160
1481628656.17 160
1481628661.88 180
1481628667.8 180
1481628673.24 220
1481628678.21 0
1481628683.33 0
1481628687.94 20
1481628693.46 20
