1481565532 85.7256
1481565534 70.0104
1481565536 74.7959
1481565538 71.1378
1481565540 76.9229
1481565542 78.4702
1481565544 73.5
1481565546 74.5766
1481565548 76.843
1481565550 75.216
1481565552 73.4861
1481565554 72.9014
1481565556 71.234
1481565558 78.467
1481565560 85.2676
1481565562 75.7115
1481565564 90.4922
1481565566 95.1072
1481565568 81.1558
1481565570 84.1842
1481565572 82.8253
1481565574 91.2542
1481565576 87.9108
1481565578 88.563
1481565580 94.0225
1481565582 87.2196
1481565584 86.1522
1481565586 89.2956
1481565588 74.4976
1481565590 94.0279
1481565592 83.2848
1481565594 87.3764
1481565596 85.1939
1481565598 81.0397
1481565600 73.1385
1481565602 82.0521
1481565604 84.4663
1481565606 95.1325
1481565608 77.9137
1481565610 88.7149
1481565612 86.5172
1481565614 73.8747
1481565616 79.2409
1481565618 85.1023
1481565620 84.9535
1481565622 77.5637
1481565624 89.9881
1481565626 85.9018
1481565628 85.7315
1481565630 85.7327
1481565632 85.867
1481565634 85.8558
1481565636 77.5662
1481565638 75.2604
1481565640 78.7304
1481565642 69.1286
1481565644 76.1044
1481565646 76.5271
1481565648 71.6287
1481565650 89.1914
1481565652 57.0479
1481565654 67.3073
1481565656 64.3926
1481565658 66.3646
1481565660 66.014
1481565662 73.0669
1481565664 72.4352
1481565666 76.5357
1481565668 84.1098
1481565670 88.4309
1481565672 83.4694
1481565674 85.2049
1481565676 87.8303
