1481915546 76.4432
1481915549 81.0473
1481915551 86.43
1481915553 85.0084
1481915555 83.3293
1481915557 84.4583
1481915559 89.5518
1481915561 91.4945
1481915563 87.388
1481915565 83.6458
1481915567 86.8538
1481915569 84.5931
1481915571 85.7582
1481915573 82.8496
1481915575 85.0449
1481915578 84.2594
1481915580 83.6938
1481915582 85.7169
1481915584 83.8055
1481915586 84.4598
1481915588 84.1986
1481915590 86.1967
1481915592 83.8129
1481915594 83.7453
1481915596 84.0167
1481915598 83.3535
1481915600 83.716
1481915602 87.478
1481915604 85.9086
1481915607 85.151
1481915609 84.8915
1481915611 86.5963
1481915613 84.0329
1481915615 85.3924
1481915617 86.2181
1481915619 85.9858
1481915621 86.0268
1481915623 85.4872
1481915625 84.7727
1481915627 85.9656
1481915629 85.6049
1481915631 86.043
1481915633 87.1913
1481915635 85.4663
1481915638 85.938
1481915640 86.4392
1481915642 84.9763
1481915644 84.7676
1481915646 87.8571
1481915648 85.6046
1481915650 85.4391
1481915652 85.3169
1481915654 84.3946
1481915656 85.2259
1481915658 85.044
1481915660 85.1001
1481915662 85.2493
1481915664 84.3445
1481915667 85.9832
