1481738363.78 0.61
1481738369.63 0.7039814
1481738375.69 0.79324931
1481738382.16 0.90377587
1481738389.06 0.84722787
1481738395.23 0.67985487
1481738401.69 0.63055247
1481738409.52 0.5828166
1481738415.37 0.82363284
1481738421.64 0.70346826
1481738428.81 0.76369166
1481738436.79 0.75608444
1481738443.06 0.7817927
1481738449.32 0.88024265
1481738455.28 0.88393599
1481738461.96 0.70999235
1481738468.85 0.75521851
1481738475.54 0.49554634
1481738482.02 0.75827789
1481738488.07 0.7140258
1481738493.59 0.85634583
1481738500.5 0.70383251
