1481563982 77.0178
1481563984 74.522
1481563986 77.9749
1481563988 66.5705
1481563990 80.5369
1481563992 79.0547
1481563994 72.3048
1481563996 76.654
1481563998 73.5683
1481564000 63.6846
1481564002 73.6897
1481564004 70.6492
1481564006 73.3225
1481564008 77.2551
1481564010 73.0985
1481564012 73.5825
1481564014 71.5914
1481564016 76.7998
1481564018 69.895
1481564020 75.2913
1481564022 73.8565
1481564024 72.1305
1481564026 71.1262
1481564028 76.8093
1481564030 77.8582
1481564032 73.1134
1481564034 71.4146
1481564036 75.4164
1481564038 77.5017
1481564040 70.8855
1481564042 78.0735
1481564044 78.1638
1481564046 80.8126
1481564048 77.1289
1481564050 74.7447
1481564052 75.4525
1481564054 76.4686
1481564056 82.2703
1481564058 78.9262
1481564060 76.9982
1481564062 73.5036
1481564064 74.6632
1481564066 78.7686
1481564068 73.3762
1481564070 76.2272
1481564072 77.3107
1481564074 74.6168
1481564076 69.2731
1481564078 73.3671
1481564080 75.2548
1481564082 75.2045
1481564084 77.4211
1481564086 77.5912
