1481738562 98.6282
1481738564 83.7959
1481738566 90.6457
1481738568 87.4376
1481738570 86.2293
1481738572 95.4528
1481738574 90.7927
1481738576 89.5909
1481738578 92.1128
1481738580 88.6288
1481738582 90.693
1481738584 91.5983
1481738587 90.7162
1481738589 90.5925
1481738591 90.8728
1481738593 89.6486
1481738595 91.6341
1481738597 90.0815
1481738599 89.7298
1481738601 91.1224
1481738603 91.3323
1481738605 90.8759
1481738607 90.4626
1481738609 87.3047
1481738611 87.9069
1481738613 88.5798
1481738616 90.5753
1481738618 90.4404
1481738620 91.3911
1481738622 92.5132
1481738624 91.1623
1481738626 92.0483
1481738628 90.7809
1481738630 91.5221
1481738632 92.1187
1481738634 93.0503
1481738636 91.4758
1481738638 91.4625
1481738640 88.0569
1481738642 88.5328
1481738645 92.4822
1481738647 89.917
1481738649 95.6495
1481738651 93.8078
1481738653 91.9244
1481738655 90.1281
1481738657 89.5554
1481738659 90.9245
1481738661 94.492
1481738663 93.5532
1481738665 92.7825
1481738667 90.9958
1481738669 92.2626
1481738671 93.2069
1481738673 91.6099
1481738676 92.9851
1481738678 90.2252
1481738680 90.3433
