1481726876 99.8243
1481726878 100.117
1481726880 105.705
1481726882 104.762
1481726884 104.868
1481726886 104.207
1481726888 102.457
1481726891 103.003
1481726893 102.294
1481726895 102.394
1481726897 102.136
1481726899 102.615
1481726901 102.277
1481726903 102.8
1481726905 104.075
1481726907 102.108
1481726909 102.773
1481726911 101.878
1481726913 106.204
1481726915 103.195
1481726917 93.9752
1481726919 96.3711
1481726922 98.8279
1481726924 96.7665
1481726926 98.9999
1481726928 94.5767
1481726930 98.5625
1481726932 97.6406
1481726934 97.0985
1481726936 99.5839
1481726938 96.3902
1481726940 97.2869
1481726942 97.4126
1481726944 96.0877
1481726946 97.3701
1481726948 98.3346
1481726951 95.715
1481726953 97.5162
1481726955 100.006
1481726957 100.084
1481726959 100.656
1481726961 100.911
1481726963 100.097
1481726965 99.5713
1481726967 100.323
1481726969 98.7303
1481726971 97.9587
1481726973 94.817
1481726975 96.4962
1481726977 98.1041
1481726979 97.9365
1481726982 100.421
1481726984 95.4781
1481726986 97.507
1481726988 97.7406
1481726990 95.2294
1481726992 94.3905
1481726994 94.6311
1481726996 95.5889
1481726998 95.9561
1481727000 96.4866
1481727002 95.5225
1481727004 95.379
1481727006 96.3778
1481727008 95.7617
1481727011 95.5224
1481727013 95.1751
1481727015 95.669
1481727017 104.521
