1481644560 85.3505
1481644562 80.4635
1481644564 77.7609
1481644566 78.7347
1481644568 71.1596
1481644570 73.0474
1481644572 71.7155
1481644574 73.8978
1481644576 80.7587
1481644578 79.0005
1481644580 76.4189
1481644582 74.6334
1481644584 77.8106
1481644586 75.58
1481644588 76.2155
1481644590 78.9479
1481644592 79.3373
1481644594 78.5412
1481644596 75.7862
1481644598 77.3303
1481644600 75.7778
1481644602 72.9241
1481644604 80.4133
1481644606 76.6447
1481644608 79.1389
1481644610 80.9309
1481644612 80.3381
1481644614 83.0923
1481644616 79.6718
1481644618 75.5703
1481644620 76.0987
1481644622 80.2396
1481644624 80.8286
1481644626 84.1316
1481644628 86.6503
1481644630 78.5333
1481644632 80.0285
1481644634 82.5562
1481644636 78.9928
1481644638 92.6069
1481644640 75.9532
1481644642 77.0737
1481644644 75.3695
1481644646 82.1107
1481644648 83.6603
1481644650 78.907
1481644652 78.1237
1481644654 79.1061
1481644656 80.4342
1481644658 78.0917
1481644660 78.8667
1481644662 77.9264
1481644664 74.4319
1481644666 80.2541
1481644668 79.8603
1481644670 81.7471
1481644672 84.0672
1481644674 81.0273
1481644676 75.5454
1481644678 80.3532
1481644680 77.1234
1481644682 76.143
1481644684 76.3091
1481644686 79.2608
1481644688 77.0971
1481644691 80.8065
1481644692 82.9806
1481644694 82.068
1481644696 80.7615
1481644699 77.1259
1481644700 78.8757
1481644703 79.12
1481644704 79.7136
1481644706 83.2413
1481644709 77.4412
1481644710 77.3095
1481644713 80.4129
1481644714 80.8185
1481644716 79.9569
1481644719 80.4724
1481644721 80.0036
1481644723 80.2761
1481644725 80.6955
1481644727 81.8
1481644729 80.1028
1481644731 83.7555
1481644733 79.9749
1481644735 80.4983
1481644737 83.0384
1481644739 85.0853
1481644741 84.4832
1481644743 82.7874
1481644745 81.8164
1481644747 80.4262
1481644749 79.8641
1481644751 77.6208
1481644753 81.5254
