1481642038.75 0
1481642044.69 200
1481642050.87 80
1481642056.61 140
1481642062.67 260
1481642068.62 0
1481642074.99 220
1481642080.63 160
1481642086.9 140
1481642092.4 220
1481642100.27 200
1481642105.81 180
1481642111.13 0
1481642116.67 0
1481642121.99 120
1481642127.32 0
1481642132.64 0
1481642137.98 260
1481642143.06 0
1481642148.41 140
1481642153.64 140
1481642158.97 180
1481642164.3 240
1481642170.25 140
1481642176.51 180
1481642181.88 200
1481642187.17 0
1481642192.6 0
1481642197.92 240
1481642203.26 260
1481642208.37 240
1481642213.49 200
1481642218.72 160
1481642224.14 260
1481642229.58 180
1481642234.9 220
1481642240.54 180
1481642245.24 0
