1481629316.88 0
1481629322.55 0.90661341
1481629328.72 0.58339125
1481629334.77 0.91898566
1481629340.83 0.76657367
1481629346.68 0.94575173
1481629354.41 0.80604738
1481629360.68 0.74352676
1481629366.9 0.72770345
1481629372.9 0
1481629378.75 0.89669776
1481629385.65 0.74091035
1481629391.7 0.67401874
1481629398.17 0.80014837
1481629405.34 0.66978019
1481629411.54 0
1481629417.5 0.80621201
1481629423.76 0
1481629429.91 0.83038628
1481629436.3 0.88089174
1481629442.46 0.87096006
1481629449.67 0.53257519
1481629457.08 0.73145813
1481629464.23 0.76634115
1481629470.45 0.87771779
1481629477.55 0.96751994
1481629483.09 0.89975882
1481629491.62 0.82954752
1481629497.61 0.92460012
1481629504.08 0.70076287
