1481629312 82.1966
1481629314 79.2669
1481629316 94.9312
1481629318 91.8204
1481629320 91.7631
1481629322 91.5151
1481629324 92.0117
1481629326 90.3685
1481629328 90.744
1481629330 93.617
1481629332 92.842
1481629334 91.6505
1481629336 90.2911
1481629338 94.1812
1481629340 91.816
1481629342 91.9348
1481629344 91.3326
1481629346 91.2073
1481629348 87.7338
1481629350 90.7239
1481629352 89.0438
1481629354 87.7015
1481629356 88.8288
1481629358 90.1414
1481629360 89.4452
1481629362 84.6228
1481629364 85.691
1481629366 84.7555
1481629368 87.2505
1481629370 80.4852
1481629372 83.079
1481629374 88.3406
1481629376 86.5504
1481629378 84.7034
1481629380 85.5004
1481629382 84.5326
1481629384 85.9029
1481629386 81.8242
1481629388 83.6936
1481629390 85.3995
1481629392 88.6799
1481629394 85.0826
1481629396 85.3874
1481629398 85.4374
1481629400 82.6418
1481629402 83.5899
1481629404 83.7036
1481629406 84.2835
1481629408 83.914
1481629410 84.771
1481629412 85.7348
1481629414 83.8764
1481629416 85.5785
1481629418 83.8163
1481629420 81.9659
1481629422 86.6311
1481629424 85.6828
1481629426 80.8106
1481629428 82.4146
1481629430 82.9691
1481629432 82.9651
1481629434 81.9731
1481629436 83.8518
1481629438 82.0324
1481629440 83.6462
1481629442 82.5627
1481629444 83.6125
1481629446 85.1166
1481629448 81.573
1481629451 84.445
1481629453 82.5799
1481629454 83.1754
1481629456 84.4818
1481629459 83.7385
1481629461 83.3993
1481629463 77.3873
1481629464 78.1727
1481629467 84.179
1481629469 81.8312
1481629471 83.5416
1481629472 80.052
1481629475 81.1158
1481629477 81.9021
1481629479 79.3481
1481629481 81.6998
1481629483 83.3099
1481629485 81.6603
1481629487 83.4579
1481629489 81.6119
1481629491 80.3873
1481629493 80.6815
1481629495 78.0584
1481629497 79.0355
1481629499 78.8871
1481629501 80.683
