1481734362 101.364
1481734364 99.8426
1481734366 102.123
1481734368 107.862
1481734370 105.282
1481734372 102.885
1481734374 106.808
1481734376 107.916
1481734378 104.475
1481734380 104.817
1481734382 105.701
1481734384 97.6266
1481734386 106.241
1481734389 107.542
1481734391 104.996
1481734393 105.703
1481734395 106.479
1481734397 105.208
1481734399 102.814
1481734401 102.13
1481734403 99.4682
1481734405 100.742
1481734407 102.019
1481734409 101.904
1481734411 101.567
1481734413 86.0163
1481734415 92.9933
1481734417 90.7556
1481734420 90.9511
1481734422 92.0766
1481734424 93.1637
1481734426 90.2084
1481734428 96.5447
1481734430 92.1472
1481734432 89.8858
1481734434 91.7583
1481734436 88.227
1481734438 90.0799
1481734440 90.1413
1481734442 88.5687
1481734444 73.4538
1481734446 68.8507
1481734449 58.5457
1481734451 75.9316
1481734453 74.5579
1481734455 70.3144
1481734457 78.758
1481734459 83.593
1481734461 79.0939
1481734463 81.8935
1481734465 83.2202
1481734467 84.537
1481734469 84.0357
1481734471 80.8275
1481734473 83.4048
1481734475 81.0171
1481734477 88.6551
1481734480 85.3867
1481734482 86.4155
1481734484 86.1053
1481734486 84.3197
1481734488 88.8689
1481734490 84.5779
1481734492 83.676
1481734494 79.7491
1481734496 102.901
1481734498 100.201
1481734500 99.2992
1481734502 98.5465
1481734504 100.997
1481734506 94.923
1481734509 96.7835
1481734511 94.7083
1481734513 100.078
1481734515 93.3793
1481734517 98.4818
1481734519 96.4965
1481734521 96.1175
1481734523 100.379
1481734525 107.105
1481734527 111.42
