1481562536 88.7374
1481562538 86.2275
1481562540 83.5539
1481562542 81.9435
1481562544 75.4071
1481562546 75.9831
1481562548 72.9786
1481562550 71.1555
1481562552 71.5396
1481562554 72.8655
1481562556 37.9315
1481562558 37.9315
1481562560 37.9315
1481562562 37.9315
1481562564 37.9315
1481562566 83.9459
1481562568 109.588
1481562570 109.588
1481562572 109.588
1481562574 109.588
1481562576 109.588
1481562578 77.4697
1481562580 78.4207
1481562582 79.3949
1481562584 77.418
1481562586 79.6999
1481562588 81.9188
1481562590 84.0243
1481562592 83.872
1481562594 81.3557
1481562596 93.0308
1481562598 93.0308
1481562600 93.0308
1481562602 93.0308
1481562604 93.0308
1481562606 80.4255
1481562608 77.2916
1481562610 83.4142
1481562612 88.3997
1481562614 77.9032
1481562616 82.5005
1481562618 79.6023
1481562620 79.315
1481562622 81.3585
1481562624 80.6779
1481562626 83.4021
1481562628 81.756
1481562630 81.8541
1481562632 79.935
1481562634 80.0453
1481562636 81.5161
1481562638 79.9133
1481562640 77.1503
1481562642 79.468
1481562644 82.3576
1481562646 67.6373
1481562648 67.6373
1481562650 67.6373
1481562652 67.6373
1481562654 67.6373
1481562656 258.548
1481562658 258.548
1481562660 258.548
1481562662 258.548
1481562664 258.548
1481562666 84.5868
1481562668 83.0095
1481562670 81.7937
1481562672 93.4198
