1481643259.23 0.92299426
1481643266.33 0.7909714
1481643272.49 0.68232924
1481643278.97 0.73618287
1481643286.18 0.84748483
1481643292.34 0.77365339
1481643298.81 0.73066777
1481643304.88 0.81301689
1481643310.76 0
1481643317.51 0.71523923
1481643323.36 0.80872762
1481643329.84 0
1481643338.61 0.73337972
1481643344.56 0.86513335
1481643350.41 0.85860521
1481643356.89 0
1481643363.58 0.74347961
1481643371.14 0.69550133
1481643377.47 0.69172585
1481643383.52 0.85656077
1481643389.69 0.92568839
1481643395.85 0.86837488
1481643402.85 0
1481643409.64 0.83135438
1481643415.17 0.69744998
