1481643253 89.9253
1481643255 86.6733
1481643257 82.452
1481643260 81.7678
1481643261 83.2207
1481643263 79.4827
1481643265 80.349
1481643267 76.9281
1481643269 78.0646
1481643271 85.6133
1481643273 82.6797
1481643275 78.6359
1481643278 82.4688
1481643280 81.6937
1481643282 80.0235
1481643284 80.854
1481643286 79.6348
1481643288 78.4329
1481643290 82.0012
1481643292 81.6927
1481643294 77.5957
1481643296 79.0685
1481643298 81.477
1481643300 81.3548
1481643302 81.2206
1481643304 78.1674
1481643306 79.9749
1481643308 78.9656
1481643310 78.592
1481643312 82.4767
1481643314 79.5423
1481643316 75.7016
1481643318 78.4511
1481643320 78.2114
1481643322 80.3687
1481643324 80.919
1481643326 80.5183
1481643328 77.3607
1481643330 79.2588
1481643332 78.3559
1481643334 80.9731
1481643336 78.7908
1481643338 80.9065
1481643340 79.4197
1481643342 76.9518
1481643344 80.3777
1481643346 82.4402
1481643348 79.5932
1481643350 81.849
1481643352 78.4015
1481643354 85.6749
1481643356 88.8515
1481643358 79.7433
1481643360 80.8604
1481643362 84.0648
1481643364 81.6269
1481643366 79.4869
1481643368 83.3593
1481643370 80.5955
1481643372 81.311
1481643374 84.8741
1481643376 81.4597
1481643378 81.8391
1481643380 83.335
1481643382 82.3768
1481643384 84.3622
1481643386 81.5028
1481643388 78.1412
1481643390 80.8021
1481643392 79.4211
1481643394 81.2397
1481643396 81.4119
1481643398 83.5348
1481643400 83.1762
1481643402 82.2339
1481643404 84.0024
1481643406 82.9993
1481643408 82.2561
1481643410 80.8583
1481643412 85.2435
