1481649098 80.3895
1481649101 85.7178
1481649103 83.3281
1481649105 86.1851
1481649107 88.2752
1481649109 88.3871
1481649111 79.3216
1481649113 84.9017
1481649115 84.0869
1481649117 87.3464
1481649119 85.479
1481649121 82.936
1481649123 83.5463
1481649125 80.8709
1481649127 82.8376
1481649130 79.1781
1481649132 82.7536
1481649134 83.9846
1481649136 91.0286
1481649138 88.3904
1481649140 81.6518
1481649142 77.0937
1481649144 87.5104
1481649146 89.2678
1481649148 87.8141
1481649150 84.1928
1481649152 88.3448
1481649154 82.6874
1481649156 86.3673
1481649158 88.3289
1481649161 85.8615
1481649163 83.747
1481649165 79.475
1481649167 76.3228
1481649169 85.3519
1481649171 91.1706
1481649173 90.7615
1481649175 91.6869
1481649177 90.2422
1481649179 92.8473
1481649181 93.095
1481649183 90.1812
1481649185 90.3866
1481649187 93.4771
1481649190 86.2545
1481649192 88.5831
1481649194 96.4201
1481649196 91.0653
1481649198 82.8066
1481649200 89.3059
1481649202 92.6678
1481649204 84.5094
1481649206 86.3298
1481649208 80.6958
1481649210 86.9018
1481649212 83.6599
1481649214 87.5903
1481649216 80.6819
1481649218 88.9261
1481649221 86.9589
1481649223 87.6211
1481649225 85.5576
1481649227 87.6411
1481649229 80.7568
1481649231 84.2808
1481649233 82.5916
1481649235 81.6888
