1481639549.64 0
1481639556.33 0.66834462
1481639565.83 0
1481639573.35 0.67737752
1481639580.14 0
1481639588.59 0.55321223
1481639596.44 0.69115186
1481639603.74 0.69532043
1481639613.77 0.57191938
1481639622.23 0.74217337
1481639628.81 0.83489174
1481639636.12 0.82987994
1481639645.53 0.50475657
1481639653.36 0.33401421
1481639662.02 0
1481639669.58 0.62185001
1481639678.12 0
1481639685.52 0.66802323
1481639692.94 0.38886601
1481639700.35 0.69932598
1481639707.91 0.70060819
1481639714.35 0.79964095
1481639720.83 0
1481639728.08 0.52276796
1481639733.99 0.5664494
