1481639545 93.2174
1481639547 88.785
1481639549 88.9482
1481639551 86.0969
1481639553 81.1691
1481639555 54.9848
1481639557 85.1639
1481639559 89.0053
1481639561 93.1045
1481639563 91.8069
1481639565 91.7146
1481639567 90.5575
1481639569 88.1752
1481639571 89.0688
1481639573 91.506
1481639575 90.8426
1481639577 88.7159
1481639579 85.5263
1481639581 82.9487
1481639583 86.3183
1481639585 85.1374
1481639587 88.0947
1481639589 85.1671
1481639591 88.9458
1481639593 90.0795
1481639595 87.9884
1481639597 86.7244
1481639599 88.0148
1481639601 88.9557
1481639603 89.4916
1481639605 88.7049
1481639607 88.0761
1481639609 88.1289
1481639611 88.4902
1481639613 89.058
1481639615 89.1026
1481639617 88.4694
1481639619 89.0327
1481639621 89.6681
1481639623 88.9459
1481639625 89.0972
1481639627 89.6764
1481639629 89.7231
1481639631 89.0851
1481639633 88.31
1481639635 88.9445
1481639637 87.7839
1481639639 87.1244
1481639641 86.4553
1481639643 86.7573
1481639645 88.8031
1481639647 86.4877
1481639649 87.8904
1481639651 88.314
1481639653 88.8743
1481639655 87.5421
1481639657 89.4389
1481639659 86.6337
1481639661 87.3366
1481639663 88.0325
1481639665 89.1877
1481639667 88.8019
1481639669 90.31
1481639671 88.4238
1481639673 88.9575
1481639675 88.9794
1481639677 89.5441
1481639679 87.4189
1481639681 89.7112
1481639683 86.1603
1481639685 89.7562
1481639687 87.6471
1481639689 88.6233
1481639691 87.0861
1481639693 88.5693
1481639695 88.6348
1481639697 87.4519
1481639699 88.9317
1481639701 90.3346
1481639703 89.8071
1481639705 89.1289
1481639707 86.1199
1481639709 85.9833
1481639711 87.0118
1481639713 89.5401
1481639715 86.7733
1481639717 86.4279
1481639719 89.4354
1481639721 87.5204
1481639723 86.4304
1481639725 85.0642
1481639727 93.5296
1481639729 92.6965
