1481644148.61 60
1481644155.71 200
1481644162.08 200
1481644167.62 240
1481644173.78 160
1481644179.28 120
1481644185.27 140
1481644191.02 200
1481644197.07 140
1481644202.82 240
1481644208.45 180
1481644214.48 120
1481644221.3 0
1481644226.94 140
1481644233.11 0
1481644238.86 0
1481644246.17 160
1481644252.33 240
1481644258.38 160
1481644264.13 160
1481644269.87 140
1481644276.35 180
1481644282.51 0
1481644288.88 160
1481644297.14 240
1481644302.99 160
1481644308.63 260
1481644317.09 260
1481644323.56 240
1481644329.88 180
1481644335.67 160
1481644342.33 180
1481644347.45 0
