1481905490 91.1456
1481905493 89.76
1481905495 86.7172
1481905497 87.0696
1481905499 89.9684
1481905501 90.6755
1481905503 90.7461
1481905505 88.9001
1481905507 88.6179
1481905509 88.7444
1481905511 88.256
1481905513 86.9249
1481905515 87.4254
1481905517 86.3372
1481905519 86.7997
1481905521 83.7208
1481905524 83.8921
1481905526 84.9094
1481905528 85.9015
1481905530 86.7635
1481905532 93.9304
1481905534 94.0229
1481905536 93.1181
1481905538 91.5988
1481905540 90.6774
1481905542 91.4761
1481905544 91.4331
1481905546 91.7836
1481905548 90.4454
1481905551 90.6575
1481905553 93.1823
1481905555 92.2146
1481905557 90.983
1481905559 91.5794
1481905561 91.1663
1481905563 95.412
