1481726550 108.604
1481726552 83.2481
1481726554 91.177
1481726556 94.8249
1481726559 96.2782
1481726561 97.4217
1481726563 98.5843
1481726565 99.9846
1481726567 99.8299
1481726569 98.3482
1481726571 99.5813
1481726573 97.1883
1481726575 99.5199
1481726577 98.4992
1481726579 80.0201
1481726581 85.0048
1481726583 84.9869
1481726585 90.8331
1481726587 96.9819
1481726590 95.4306
1481726592 95.8895
1481726594 94.3231
1481726596 96.9517
1481726598 98.5403
1481726600 98.4336
1481726602 93.7825
1481726604 95.2231
1481726606 96.0344
1481726608 98.8053
1481726610 92.4887
1481726612 96.0099
1481726614 96.4575
1481726616 95.5469
1481726619 94.5508
1481726621 94.9362
1481726623 95.015
1481726625 95.0178
1481726627 98.5315
1481726629 93.276
1481726631 91.7789
1481726633 91.6154
1481726635 94.6649
1481726637 94.9264
1481726639 96.5393
1481726641 96.5839
1481726643 106.534
1481726645 108.332
1481726647 107.939
1481726650 106.924
1481726652 103.056
1481726654 94.464
1481726656 97.5864
1481726658 99.7062
1481726660 95.1471
1481726662 102.808
1481726664 98.9893
1481726666 96.6921
1481726668 94.5057
1481726670 98.5116
1481726672 89.2948
1481726674 75.6667
1481726676 92.7379
1481726678 94.3902
1481726681 84.683
1481726683 94.7968
1481726685 73.6872
1481726687 90.5989
1481726689 70.2186
1481726691 86.3703
1481726693 65.5922
1481726695 68.8576
1481726697 72.6592
1481726699 147.355
1481726701 80.8915
1481726703 94.7731
1481726705 90.8948
1481726707 92.8642
1481726710 102.992
1481726712 96.1651
1481726714 98.405
1481726716 97.7789
1481726718 96.3168
1481726720 99.0445
1481726722 103.889
1481726724 100.626
1481726726 98.1894
1481726728 88.0905
1481726730 102.669
1481726732 84.8067
1481726734 89.2673
