1481726555.37 0
1481726563.21 1014
1481726569.16 2443
1481726575.32 869
1481726581.35 407
1481726586.88 296
1481726595.69 847
1481726601.85 969
1481726609.8 0
1481726618.56 676
1481726628.41 0
1481726634.23 1228
1481726640.5 559
1481726646.97 722
1481726652.72 766
1481726659.82 118
1481726667.97 2278
1481726675.17 480
1481726681.44 1231
1481726687.71 602
1481726694.18 263
1481726699.82 3411
1481726705.68 2488
1481726714.34 814
1481726720.71 218
1481726727.8 542
1481726733.98 0
1481726739.83 1654
