1481915835.29 0.97220349
1481915841.83 0.71899509
1481915849.35 0.61
1481915856.12 0.80065185
1481915864.0 0.61929536
1481915870.08 0.91684318
1481915876.49 0.64984059
1481915882.46 0.83367288
1481915889.3 0.65890616
1481915895.46 0.65985602
1481915901.5 0.90881532
1481915907.68 0.93414432
1481915913.71 0.85261309
1481915919.74 0.67383528
1481915925.78 0.76752317
1481915931.97 0.61
1481915938.15 0.85007328
1481915944.86 0.61
1481915951.36 0.69166702
1481915958.44 0.69378531
1481915964.58 0.84747887
