1481915830 79.9994
1481915832 97.9043
1481915834 85.7297
1481915836 90.9955
1481915839 82.5091
1481915841 82.1645
1481915843 87.9845
1481915845 110.915
1481915847 82.1718
1481915849 84.4669
1481915851 85.9148
1481915853 86.0635
1481915855 86.5405
1481915857 86.5435
1481915859 85.4763
1481915861 86.5045
1481915863 87.9739
1481915865 88.9998
1481915867 87.0439
1481915870 86.5786
1481915872 85.7146
1481915874 88.7545
1481915876 85.6924
1481915878 86.2412
1481915880 87.5249
1481915882 88.2333
1481915884 88.5821
1481915886 93.2795
1481915888 93.0932
1481915890 91.3699
1481915892 91.9271
1481915894 90.1167
1481915896 92.9572
1481915899 90.8701
1481915901 90.3478
1481915903 88.7121
1481915905 86.665
1481915907 89.649
1481915909 91.4377
1481915911 87.5571
1481915913 88.8098
1481915915 85.7555
1481915917 86.6889
1481915919 87.1839
1481915921 85.328
1481915923 86.4586
1481915925 89.193
1481915927 85.6362
1481915930 84.4991
1481915932 85.1065
1481915934 87.5087
1481915936 87.1846
1481915938 87.5078
1481915940 84.3781
1481915942 86.223
1481915944 89.3097
1481915946 86.2729
1481915948 86.7368
1481915950 85.039
1481915952 85.9327
1481915954 85.2077
1481915956 86.7084
1481915959 85.0689
1481915961 85.9784
1481915963 85.6444
