1481628493.75 0.9269101
1481628499.81 0.76109368
1481628506.91 0
1481628512.87 0.89172012
1481628518.61 0.86390316
1481628526.03 0.70158905
1481628532.29 0.72484255
1481628538.04 0.88989264
1481628545.28 0.51114231
1481628551.31 0.83437639
1481628557.36 0
1481628564.15 0.86180127
1481628570.11 0.81355739
1481628575.95 0
1481628582.22 0
1481628588.8 0.87653118
1481628594.76 0.89389348
1481628600.6 0.77608877
1481628606.45 0.95838183
1481628614.08 0.8066622
1481628619.72 0
1481628625.57 0.79634762
1481628631.52 0.87410122
1481628638.31 0.76819515
1481628644.68 0.95546645
1481628650.32 0.71188551
1481628656.17 0.81307101
1481628661.88 0.78099322
1481628667.8 0.82804096
1481628673.24 0.78606665
1481628678.21 0
1481628683.33 0
1481628687.94 0.90350878
1481628693.46 0.62079078
