1481628493.75 852
1481628499.81 1896
1481628506.91 0
1481628512.87 964
1481628518.61 1409
1481628526.03 1432
1481628532.29 790
1481628538.04 842
1481628545.28 870
1481628551.31 408
1481628557.36 0
1481628564.15 792
1481628570.11 382
1481628575.95 0
1481628582.22 0
1481628588.8 794
1481628594.76 409
1481628600.6 459
1481628606.45 226
1481628614.08 266
1481628619.72 0
1481628625.57 605
1481628631.52 648
1481628638.31 347
1481628644.68 329
1481628650.32 326
1481628656.17 826
1481628661.88 574
1481628667.8 190
1481628673.24 216
1481628678.21 0
1481628683.33 0
1481628687.94 936
1481628693.46 570
