1481654347.9 0.69609654
1481654355.63 0.74368149
1481654361.8 0.68315494
1481654369.52 0.81509739
1481654375.58 0.71331131
1481654382.78 0.38775134
1481654389.16 0.6
1481654396.62 0.6413883
1481654402.97 0.66990769
1481654409.11 0.74378061
1481654416.83 0.72396237
1481654423.47 0.57533038
1481654430.62 0.90500569
1481654447.96 0.3838872
1481654455.38 0.6
1481654461.02 0.19865321
1481654465.83 0.6
1481654470.53 0.6
1481654477.63 0.83992958
1481654483.06 0.6
1481654488.59 0.6
1481654493.92 0.6
1481654499.87 0.67412376
1481654505.3 0.6
1481654510.74 0.6
1481654516.16 0
1481654521.48 0.6
1481654527.03 0.6
