1481645513 90.7687
1481645515 68.2793
1481645517 -43.0594
1481645519 -43.021
1481645521 -42.9501
1481645523 -42.9512
1481645526 -42.9482
1481645528 -42.9472
1481645530 -42.946
1481645532 -42.9458
1481645534 -42.9448
1481645536 -42.9454
1481645538 -45.799
1481645540 -45.802
1481645542 -45.8022
1481645544 -45.8024
1481645546 -45.8026
1481645548 -45.8028
1481645550 85.1572
1481645552 84.226
1481645554 75.9719
1481645557 54.968
1481645559 71.3962
1481645561 71.3962
1481645563 71.3962
1481645565 71.3962
1481645567 71.3962
1481645661 78.3406
1481645663 82.1588
1481645665 82.1588
1481645667 82.1588
1481645669 82.1588
1481645757 83.5165
1481645759 59.823
1481645761 59.823
1481645763 59.823
1481645765 59.823
1481645767 59.823
1481645823 18.2943
1481645826 39.3877
1481645828 75.4011
1481645830 77.7315
1481645832 84.0503
1481645834 78.9238
1481645836 91.5053
1481645838 91.2209
1481645840 147.218
1481645842 83.6583
1481645844 83.6583
1481645846 83.6583
1481645848 83.6583
1481645850 83.6583
1481645863 121.119
1481645865 114.61
1481645867 111.448
1481645869 98.2347
1481645871 133.787
1481645873 129.246
1481645875 124.217
1481645877 123.375
1481645879 123.575
1481645881 123.895
1481645883 114.355
1481645886 119.208
1481645888 81.3468
1481645890 87.3289
1481645892 85.9155
1481645894 84.4914
1481645896 87.5023
1481645898 82.8703
1481645900 83.1779
1481645902 86.0524
1481645904 83.3184
1481645906 84.0188
1481645908 78.7956
1481645910 81.6599
1481645912 93.342
1481645915 94.5864
1481645917 90.491
1481645919 93.9667
1481645921 89.6376
1481645923 88.4941
1481645925 93.1494
1481645927 83.0399
1481645929 231.707
1481645931 231.588
1481645933 231.552
1481645935 268.488
1481645937 -81.3621
1481645939 78.3079
1481645941 75.4305
