1481630091.29 60
1481630096.97 120
1481630102.36 80
1481630108.43 180
1481630114.06 200
1481630119.91 180
1481630125.45 120
1481630131.02 160
1481630136.52 200
1481630141.95 200
1481630147.91 140
1481630153.02 0
1481630158.04 0
1481630165.04 120
1481630171.09 200
1481630177.99 60
1481630183.74 200
1481630189.27 0
1481630195.22 0
1481630200.66 0
1481630206.4 200
1481630211.72 40
1481630217.26 220
1481630223.11 200
1481630229.27 240
1481630234.6 200
1481630240.18 200
1481630245.77 0
1481630251.52 220
1481630256.95 0
1481630262.9 0
1481630268.44 0
1481630274.18 260
1481630279.51 120
1481630284.95 180
1481630290.9 140
1481630296.12 200
1481630301.3 140
1481630306.77 200
1481630312.62 160
1481630318.36 160
1481630323.69 140
1481630329.12 0
1481630333.53 0
1481630338.31 0
