1481630091.29 0
1481630096.97 0
1481630102.36 0
1481630108.43 0
1481630114.06 0
1481630119.91 0
1481630125.45 0
1481630131.02 0
1481630136.52 0
1481630141.95 0
1481630147.91 0
1481630153.02 0
1481630158.04 0
1481630165.04 0
1481630171.09 177
1481630177.99 0
1481630183.74 0
1481630189.27 0
1481630195.22 0
1481630200.66 0
1481630206.4 0
1481630211.72 0
1481630217.26 0
1481630223.11 0
1481630229.27 0
1481630234.6 0
1481630240.18 0
1481630245.77 0
1481630251.52 0
1481630256.95 0
1481630262.9 0
1481630268.44 0
1481630274.18 0
1481630279.51 0
1481630284.95 0
1481630290.9 0
1481630296.12 0
1481630301.3 0
1481630306.77 0
1481630312.62 0
1481630318.36 0
1481630323.69 0
1481630329.12 0
1481630333.53 0
1481630338.31 0
