1481643557.53 0.90516973
1481643563.98 0.85544747
1481643569.96 0
1481643576.86 0
1481643583.44 0
1481643590.02 0.81561315
1481643595.97 0.86060852
1481643602.24 0
1481643607.78 0.75865382
1481643613.52 0.90040231
1481643620.52 0.90683645
1481643626.08 0.93926591
1481643632.01 0.81674367
1481643638.27 0.83447391
1481643644.23 0
1481643650.08 0.81408048
1481643655.9 0
1481643662.2 0
1481643668.98 0.75354958
1481643675.36 0
1481643681.41 0
1481643688.83 0.74012065
1481643694.57 0.92049235
1481643700.32 0.94854629
1481643706.17 0.89625484
1481643713.48 0
1481643720.16 0.92154533
1481643726.64 0.8792063
