1481641691.46 0.79166168
1481641697.31 0.8139115
1481641703.16 0.7200231
1481641710.88 0.76971394
1481641718.09 0.76773077
1481641723.94 0.75566298
1481641731.88 0.66627383
1481641737.93 0.94791603
1481641743.68 0
1481641749.64 0.93388361
1481641755.48 0.79175496
1481641761.65 0.87567598
1481641768.12 0.79604542
1481641775.33 0.65445095
1481641781.28 0
1481641787.83 0.9101193
1481641793.61 0.93459344
1481641799.46 0.89636546
1481641805.72 0.88535899
1481641812.51 0
1481641818.68 0.7394703
1481641824.84 0.80508316
1481641830.65 0.95108956
1481641836.43 0.9743911
1481641842.28 0.88991773
1481641847.99 0.94528568
1481641853.77 0.90742111
1481641859.93 0.85619599
1481641866.73 0.83347207
1481641872.67 0.95373815
1481641878.1 0
