1481641691.46 80
1481641697.31 280
1481641703.16 180
1481641710.88 260
1481641718.09 280
1481641723.94 200
1481641731.88 200
1481641737.93 160
1481641743.68 0
1481641749.64 160
1481641755.48 160
1481641761.65 200
1481641768.12 180
1481641775.33 200
1481641781.28 0
1481641787.83 260
1481641793.61 260
1481641799.46 200
1481641805.72 220
1481641812.51 0
1481641818.68 240
1481641824.84 180
1481641830.65 200
1481641836.43 260
1481641842.28 220
1481641847.99 280
1481641853.77 280
1481641859.93 300
1481641866.73 220
1481641872.67 220
1481641878.1 0
