1481641691.46 967
1481641697.31 1548
1481641703.16 1032
1481641710.88 978
1481641718.09 193
1481641723.94 0
1481641731.88 1534
1481641737.93 0
1481641743.68 0
1481641749.64 842
1481641755.48 0
1481641761.65 1615
1481641768.12 514
1481641775.33 1060
1481641781.28 0
1481641787.83 841
1481641793.61 125
1481641799.46 923
1481641805.72 585
1481641812.51 0
1481641818.68 1809
1481641824.84 0
1481641830.65 474
1481641836.43 282
1481641842.28 1310
1481641847.99 558
1481641853.77 520
1481641859.93 1006
1481641866.73 537
1481641872.67 787
1481641878.1 0
