1481649412.19 0.61517644
1481649417.93 0.93270445
1481649423.66 0.67615265
1481649430.68 0.71048635
1481649437.05 0.78812355
1481649444.36 0.80522066
1481649451.0 0.83244747
1481649457.94 0.53065038
1481649465.72 0.60062909
1481649472.35 0.85969651
1481649478.3 0.9394908
1481649485.4 0
1481649493.03 0.78360724
1481649499.09 0.7468031
1481649506.3 0.84661555
1481649513.82 0
1481649521.44 0.76988095
1481649527.41 0
1481649533.87 0.72154236
1481649540.47 0
1481649547.66 0.74584466
1481649554.55 0
1481649561.76 0
1481649568.02 0.82402098
1481649575.55 0
1481649582.22 0.66261643
1481649588.14 0.52754229
1481649595.29 0.78438932
1481649602.91 0.70018399
1481649609.15 0.95191765
1481649614.92 0
1481649620.46 0.74851477
