1481649412.19 40
1481649417.93 60
1481649423.67 60
1481649430.68 140
1481649437.05 180
1481649444.36 140
1481649451.0 180
1481649457.94 160
1481649465.72 240
1481649472.35 140
1481649478.3 120
1481649485.4 0
1481649493.03 180
1481649499.09 220
1481649506.3 120
1481649513.82 0
1481649521.44 140
1481649527.41 0
1481649533.87 80
1481649540.47 0
1481649547.66 100
1481649554.55 0
1481649561.76 0
1481649568.02 200
1481649575.55 0
1481649582.22 160
1481649588.14 120
1481649595.29 180
1481649602.91 200
1481649609.15 100
1481649614.92 0
1481649620.46 20
