1481649412.19 0
1481649417.93 336
1481649423.67 816
1481649430.68 349
1481649437.05 704
1481649444.36 0
1481649451.0 1872
1481649457.94 3360
1481649465.72 1984
1481649472.35 633
1481649478.3 0
1481649485.4 0
1481649493.03 1063
1481649499.09 0
1481649506.3 1883
1481649513.82 0
1481649521.44 868
1481649527.41 0
1481649533.87 638
1481649540.47 0
1481649547.66 2668
1481649554.55 0
1481649561.76 0
1481649568.02 3226
1481649575.55 0
1481649582.22 2755
1481649588.14 400
1481649595.29 2937
1481649602.91 3894
1481649609.15 2637
1481649614.92 0
1481649620.46 0
