1481916815 84.4006
1481916817 121.051
1481916819 118.592
1481916821 74.0569
1481916823 98.9484
1481916825 92.9438
1481916827 112.412
1481916829 87.3644
1481916831 88.197
1481916833 85.2372
1481916835 92.9917
1481916837 89.9336
1481916839 97.4728
1481916842 94.1833
1481916844 101.481
1481916846 97.3653
1481916848 94.1763
1481916850 97.0714
1481916852 98.1064
1481916854 95.962
1481916856 97.5372
1481916858 96.0675
1481916860 94.5454
1481916862 99.2532
1481916864 99.106
1481916866 100.384
1481916868 83.8081
1481916870 99.2564
1481916873 99.0628
1481916875 96.1855
1481916877 95.3671
1481916879 96.9645
1481916881 92.831
1481916883 95.2627
1481916885 94.1025
1481916887 96.157
1481916889 96.0571
1481916891 97.5846
1481916893 96.7527
1481916895 92.8039
1481916897 94.6221
1481916899 92.6073
1481916901 91.9956
1481916904 95.634
1481916906 98.0308
1481916908 94.1669
1481916910 94.142
1481916912 94.3323
1481916914 97.2193
1481916916 93.725
1481916918 93.2668
1481916920 100.674
