1481734366.96 0.69211429
1481734375.63 0.60728365
1481734383.67 0.78163964
1481734390.77 0.77868122
1481734397.04 0.61
1481734403.72 0.50307482
1481734410.62 0.70289809
1481734417.41 0.62988859
1481734423.56 0.91211259
1481734431.41 0.82498592
1481734439.03 0.71433389
1481734446.24 0.61
1481734453.34 0.68764418
1481734459.29 0.92868447
1481734465.32 0.8704316
1481734471.58 0.50565523
1481734479.04 0.84183794
1481734485.77 0.94897282
1481734493.54 0.73857343
1481734500.03 0.69517177
1481734505.98 0.83574665
1481734513.71 0.76889491
1481734519.55 0.8509298
1481734526.97 0.56845415
1481734532.51 0
