1481737421 84.5864
1481737423 75.8684
1481737425 79.056
1481737427 74.9108
1481737429 76.0196
1481737431 78.124
1481737433 78.2538
1481737435 82.792
1481737437 81.0475
1481737439 81.2534
1481737441 87.1089
1481737443 80.185
1481737446 81.4292
1481737448 86.152
1481737450 80.3194
1481737452 81.7871
1481737454 78.1354
1481737456 84.0317
1481737458 80.2269
1481737460 85.4854
1481737462 76.238
1481737464 79.7483
1481737466 79.85
1481737468 73.4957
1481737470 84.4367
1481737472 79.8131
1481737475 77.6271
1481737477 82.2167
1481737479 86.1062
1481737481 83.9296
1481737483 83.2187
1481737485 81.6522
1481737487 81.741
1481737489 81.6045
1481737491 82.423
1481737493 81.3854
1481737495 82.3016
1481737497 80.6926
1481737499 86.3163
1481737501 85.0432
1481737503 79.9583
1481737506 83.1366
1481737508 82.4246
1481737510 80.6413
1481737512 80.6998
1481737514 77.1983
1481737516 80.9005
1481737518 81.2786
1481737520 85.962
1481737522 80.8844
1481737524 80.9568
1481737526 80.1312
1481737528 82.678
1481737530 80.8578
1481737532 79.1867
1481737534 76.0384
1481737537 85.7184
1481737539 83.7738
1481737541 80.9012
1481737543 77.9538
1481737545 75.7175
1481737547 84.5567
1481737549 81.007
1481737551 81.1559
1481737553 85.3605
1481737555 84.4762
1481737557 82.8527
1481737559 85.6416
1481737561 82.4493
1481737563 81.5816
1481737566 82.9414
1481737568 82.8726
1481737570 76.7804
1481737572 80.4472
1481737574 84.0762
1481737576 80.4945
1481737578 82.4147
1481737580 73.773
1481737582 81.1577
1481737584 82.754
1481737586 79.0056
1481737588 76.2209
1481737590 82.1821
1481737592 77.1678
1481737595 87.486
