1481726555.37 0.51408952
1481726563.21 0.69137126
1481726569.16 0.46561074
1481726575.32 0.83416927
1481726581.35 0.9009847
1481726586.88 0.7752254
1481726595.69 0.6
1481726601.85 0.60300785
1481726609.8 0
1481726618.56 0.6
1481726628.41 0
1481726634.23 0.6
1481726640.5 0.74270928
1481726646.97 0.6
1481726652.72 0.6
1481726659.82 0.790883
1481726667.97 0.58773345
1481726675.17 0.47952494
1481726681.44 0.94190776
1481726687.71 0.7788958
1481726694.18 0.72662371
1481726699.82 0.72953528
1481726705.68 0.6
1481726714.34 0.64753139
1481726720.71 0.19931188
1481726727.8 0.80268908
1481726733.98 0
1481726739.83 0.50489885
