1481642038.75 0
1481642044.69 0.91213119
1481642050.87 0.80492902
1481642056.61 0.89348775
1481642062.67 0.78889024
1481642068.62 0
1481642074.99 0.85322756
1481642080.63 0.83166581
1481642086.9 0.61862481
1481642092.39 0.95428544
1481642100.27 0.41440481
1481642105.81 0.87749481
1481642111.13 0
1481642116.67 0
1481642121.99 0.9294827
1481642127.32 0
1481642132.64 0
1481642137.98 0.91374433
1481642143.06 0
1481642148.41 0.84591299
1481642153.64 0.85685748
1481642158.97 0.83146226
1481642164.3 0.90509158
1481642170.25 0.75634414
1481642176.51 0.82982022
1481642181.88 0.83613461
1481642187.17 0
1481642192.6 0
1481642197.92 0.97292119
1481642203.26 0.8502236
1481642208.37 0.9751603
1481642213.49 0.97226411
1481642218.71 0.86607343
1481642224.14 0.86649126
1481642229.58 0.76055974
1481642234.9 0.93653619
1481642240.54 0.82976317
1481642245.24 0
