1481642033 85.7891
1481642035 81.642
1481642037 82.0717
1481642039 82.1233
1481642041 85.94
1481642043 84.1187
1481642045 83.5617
1481642047 84.4589
1481642049 84.1734
1481642051 82.8619
1481642053 82.8409
1481642055 81.0125
1481642057 83.0774
1481642059 83.9515
1481642061 83.3004
1481642063 82.5113
1481642065 83.2644
1481642067 79.9668
1481642069 78.7005
1481642071 78.5251
1481642073 82.9283
1481642075 83.1749
1481642077 83.8593
1481642079 82.6467
1481642081 82.3045
1481642083 83.3223
1481642085 82.6615
1481642087 81.7964
1481642089 81.8366
1481642091 80.683
1481642093 80.1494
1481642095 81.2258
1481642097 79.5148
1481642099 81.2037
1481642101 78.3027
1481642103 78.9034
1481642105 82.7426
1481642107 82.403
1481642109 81.3354
1481642111 76.6194
1481642113 80.9302
1481642115 79.5754
1481642117 81.6463
1481642119 82.6027
1481642121 79.6436
1481642123 81.2357
1481642125 83.5959
1481642127 84.9914
1481642129 80.5222
1481642131 81.8337
1481642133 82.2039
1481642135 80.7895
1481642137 83.1714
1481642139 87.471
1481642141 80.1579
1481642143 79.5776
1481642145 82.5214
1481642147 85.104
1481642149 80.1751
1481642151 83.0459
1481642153 81.8348
1481642155 81.8354
1481642157 81.7202
1481642159 82.0174
1481642161 80.2875
1481642163 80.7716
1481642165 82.1242
1481642167 79.8408
1481642169 78.8996
1481642171 81.5786
1481642173 80.3151
1481642175 82.944
1481642177 80.419
1481642179 81.0591
1481642181 81.7232
1481642183 78.7997
1481642185 82.1406
1481642187 82.1366
1481642189 82.9044
1481642191 82.8691
1481642193 82.3901
1481642195 81.9171
1481642197 81.3292
1481642199 80.3429
1481642201 81.4014
1481642203 82.4036
1481642205 80.0524
1481642207 82.4222
1481642209 77.5
1481642211 82.66
1481642213 79.4524
1481642215 80.6429
1481642217 80.7022
1481642219 80.7373
1481642221 83.7391
1481642223 78.4644
1481642225 80.1223
1481642227 81.881
1481642229 80.3555
1481642231 81.0187
1481642233 80.209
1481642235 79.9707
1481642237 82.6888
1481642239 81.9432
1481642241 84.9704
