1481565542.65 0.42122856
1481565548.39 0.93641192
1481565556.12 0.71388978
1481565563.22 0.92283481
1481565568.51 0.90158653
1481565574.5 0.88617796
1481565581.22 0.72692776
1481565587.46 0
1481565594.77 0.8746559
1481565600.72 0.67764807
1481565605.63 0.90350878
1481565611.16 0.9063412
1481565618.8 0.73578548
1481565626.41 0.61511552
1481565633.98 0.67520374
1481565640.51 0
1481565649.18 0.8669939
1481565656.39 0
1481565663.39 0
1481565669.16 0.8866874
1481565674.46 0
1481565679.26 0
1481565685.53 0.34377426
