1481642498 88.609
1481642500 79.27
1481642502 84.5729
1481642504 84.4377
1481642506 84.6929
1481642508 84.5915
1481642510 83.8196
1481642512 83.0593
1481642514 83.271
1481642516 81.0653
1481642518 84.6714
1481642520 85.288
1481642522 85.6357
1481642524 85.684
1481642526 87.2637
1481642528 86.2653
1481642530 82.6075
1481642532 82.4504
1481642534 84.629
1481642536 82.3208
1481642538 83.8342
1481642540 82.0937
1481642542 85.8194
1481642544 83.5777
1481642546 84.79
1481642548 83.0229
1481642550 83.2905
1481642552 82.8072
1481642554 84.1809
1481642556 81.5122
1481642558 85.1904
1481642560 81.3589
1481642562 87.4034
1481642564 85.2661
1481642566 80.1392
1481642568 81.4489
1481642570 81.7131
1481642572 83.5823
1481642574 84.8952
1481642576 85.6415
1481642578 86.7868
1481642580 84.5696
1481642582 83.3722
1481642584 84.1837
1481642586 80.6961
1481642588 82.227
1481642590 81.0236
1481642592 85.2392
1481642594 81.5171
1481642596 84.222
1481642598 80.8668
1481642600 84.6036
1481642602 81.1352
1481642604 84.3566
1481642606 81.5472
1481642608 83.6179
1481642610 85.9113
1481642612 84.4045
1481642614 82.2677
1481642616 81.3464
1481642618 84.1537
1481642620 83.0428
1481642622 85.2292
1481642624 82.1702
1481642626 84.5345
1481642628 80.4159
1481642630 79.0127
1481642632 83.8202
1481642634 80.9281
1481642636 85.6412
1481642638 85.7465
1481642640 83.5411
1481642642 84.4865
1481642644 87.0755
1481642647 83.376
1481642648 82.4806
1481642650 86.148
1481642652 84.5623
1481642655 87.2942
1481642657 82.8637
1481642658 83.8763
1481642660 85.1863
1481642663 85.1084
1481642665 84.6163
1481642666 87.3351
1481642668 83.4386
1481642671 84.5727
1481642673 82.6158
1481642675 83.0937
1481642677 83.2738
1481642679 83.9924
1481642681 85.3626
1481642683 84.9259
1481642685 89.212
1481642687 88.3501
