1481642506.36 0
1481642512.21 280
1481642518.06 0
1481642523.67 180
1481642529.45 260
1481642537.13 0
1481642543.02 160
1481642548.87 240
1481642555.04 160
1481642560.68 240
1481642566.32 240
1481642571.96 0
1481642578.02 260
1481642584.07 240
1481642589.61 240
1481642595.04 0
1481642600.37 0
1481642605.9 260
1481642611.23 220
1481642616.99 120
1481642623.45 180
1481642628.88 220
1481642635.15 180
1481642640.58 280
1481642646.33 240
1481642651.76 240
1481642657.4 240
1481642664.08 0
1481642670.35 220
1481642676.62 240
1481642682.78 220
1481642688.21 80
