1481624516.46 0
1481624522.31 0.8824358
1481624528.17 0.88983911
1481624533.81 0.85572374
1481624540.59 0.86317474
1481624547.07 0.73231542
1481624553.33 0
1481624558.97 0
1481624565.24 0.82460123
1481624570.94 0.91690791
1481624576.94 0.8328622
1481624583.73 0
1481624589.79 0
1481624595.91 0.63031763
1481624602.01 0.7549004
1481624608.17 0.79970556
1481624613.75 0.85954052
1481624619.56 0.91502458
1481624626.71 0.75741094
1481624632.3 0.82272309
1481624638.36 0.92262459
1481624644.31 0.84726906
1481624649.95 0.78406549
1481624655.59 0.93784243
1481624661.19 0.90965176
1481624667.06 0
1481624673.14 0
1481624679.3 0.9025299
1481624685.15 0
1481624690.16 0
1481624695.28 0
1481624700.98 0
1481624706.99 0.82351118
