1481624510 103.616
1481624512 100.25
1481624514 100.714
1481624516 102.392
1481624518 100.02
1481624520 101.211
1481624522 101.942
1481624524 101.205
1481624526 98.3478
1481624528 99.8847
1481624530 100.966
1481624532 99.4615
1481624534 97.9156
1481624536 99.0963
1481624538 98.3206
1481624540 100.594
1481624542 99.9252
1481624544 97.7806
1481624546 99.0458
1481624548 97.9164
1481624550 101.652
1481624552 98.3707
1481624554 104.05
1481624556 104.972
1481624558 100.758
1481624560 103.962
1481624562 100.11
1481624564 98.2158
1481624566 104.517
1481624568 99.559
1481624570 105.67
1481624572 99.6166
1481624574 103.356
1481624576 104.474
1481624578 104.807
1481624580 104.559
1481624582 103.138
1481624584 101.12
1481624586 99.1879
1481624588 106.569
1481624590 101.451
1481624592 103.288
1481624594 99.51
1481624596 103.735
1481624598 99.6968
1481624600 104.06
1481624602 98.4808
1481624604 97.5672
1481624606 98.5891
1481624608 98.7263
1481624610 100.542
1481624612 100.341
1481624614 103.978
1481624616 101.527
1481624618 100.65
1481624620 99.6947
1481624622 98.22
1481624624 99.3806
1481624626 98.8752
1481624628 102.225
1481624630 99.9313
1481624632 100.281
1481624634 96.2187
1481624636 102.423
1481624638 95.3948
1481624640 102.168
1481624642 101.72
1481624644 103.418
1481624646 100.346
1481624648 104.974
1481624650 102.677
1481624652 99.8333
1481624654 101.809
1481624656 103.738
1481624658 100.79
1481624660 102.856
1481624662 97.6955
1481624664 105.211
1481624666 104.995
1481624668 102.606
1481624670 102.719
1481624672 102.747
1481624674 103.372
1481624676 101.326
1481624678 103.166
1481624680 103.659
1481624682 103.714
1481624684 118.601
1481624686 112.326
1481624688 114.769
