1481624516.46 0
1481624522.31 3555
1481624528.17 3646
1481624533.81 2909
1481624540.59 3050
1481624547.07 2261
1481624553.33 0
1481624558.97 0
1481624565.24 2879
1481624570.94 4024
1481624576.94 2581
1481624583.73 0
1481624589.79 0
1481624595.91 2722
1481624602.01 3747
1481624608.17 2362
1481624613.75 2710
1481624619.56 3266
1481624626.71 2974
1481624632.3 3519
1481624638.36 3570
1481624644.31 3487
1481624649.95 3810
1481624655.59 3139
1481624661.19 4149
1481624667.06 0
1481624673.14 0
1481624679.3 3325
1481624685.15 0
1481624690.16 0
1481624695.28 0
1481624700.98 0
1481624706.99 3717
