1481908653 82.0814
1481908655 94.4799
1481908657 88.5285
1481908659 87.0334
1481908661 86.2696
1481908663 86.9873
1481908666 67.7524
1481908668 66.6008
1481908670 66.8889
1481908672 78.4677
1481908674 73.5332
1481908676 74.1472
1481908678 81.4396
1481908680 76.7046
1481908682 78.1391
1481908684 69.866
1481908686 80.324
1481908688 77.5305
1481908690 79.9235
1481908692 85.7426
1481908694 99.7138
1481908697 99.2817
1481908699 76.3053
1481908701 76.436
1481908703 86.6453
1481908705 87.1646
1481908707 85.4231
1481908709 86.1191
1481908711 76.1536
1481908713 93.165
1481908715 88.4001
1481908717 93.1968
1481908719 90.0721
1481908721 89.3371
1481908723 87.1361
1481908726 88.8054
1481908728 84.5201
1481908730 84.1382
1481908732 82.8906
1481908734 81.7701
1481908736 77.6974
1481908738 94.7832
1481908740 91.7803
1481908742 89.0527
1481908744 85.0942
1481908746 85.5982
1481908748 86.3665
1481908750 90.6453
1481908752 89.1046
1481908754 84.5389
1481908757 86.9626
1481908759 86.4926
1481908761 84.4234
1481908763 83.4511
1481908765 96.81
1481908767 95.3581
1481908769 88.7043
1481908771 75.35
1481908773 93.2198
1481908775 75.6405
1481908777 77.7672
1481908779 78.3996
1481908781 80.5388
1481908783 93.8911
1481908786 84.1529
