1481649405 79.2644
1481649407 80.334
1481649410 82.8046
1481649412 84.976
1481649414 85.1447
1481649416 80.9625
1481649418 84.548
1481649420 82.6451
1481649422 77.1422
1481649424 76.5727
1481649426 78.8571
1481649428 76.1964
1481649430 74.3438
1481649432 72.8403
1481649434 69.6583
1481649436 74.775
1481649439 84.9382
1481649441 84.115
1481649443 80.1705
1481649445 76.9585
1481649447 79.2533
1481649449 76.8868
1481649451 75.8017
1481649453 75.7407
1481649455 78.4726
1481649457 75.0117
1481649459 79.37
1481649461 79.5591
1481649463 79.1311
1481649465 77.8537
1481649467 76.1851
1481649470 78.0487
1481649472 78.3241
1481649474 79.8902
1481649476 84.1978
1481649478 82.0781
1481649480 83.7397
1481649482 85.5686
1481649484 82.0806
1481649486 79.5459
1481649488 80.468
1481649490 79.2167
1481649492 81.2209
1481649494 79.9571
1481649496 82.2684
1481649499 78.4335
1481649501 79.0455
1481649503 82.094
1481649505 84.6347
1481649507 80.0631
1481649509 77.1082
1481649511 81.3025
1481649513 79.2142
1481649515 83.1011
1481649517 83.1286
1481649519 87.5845
1481649521 77.6204
1481649523 80.032
1481649525 77.1682
1481649527 78.1409
1481649530 79.9394
1481649532 79.1497
1481649534 79.9955
1481649536 79.3561
1481649538 81.1056
1481649540 79.8856
1481649542 79.902
1481649544 80.4478
1481649546 81.9358
1481649548 80.9327
1481649550 80.244
1481649552 79.998
1481649554 80.4031
1481649556 78.3912
1481649559 83.0531
1481649561 79.5415
1481649563 79.0097
1481649565 77.7885
1481649567 78.1592
1481649569 79.6889
1481649571 79.6398
1481649573 79.9054
1481649575 81.1551
1481649577 79.7064
1481649579 81.8528
1481649581 81.8389
1481649583 81.7568
1481649585 82.4082
1481649587 80.3893
1481649590 87.7896
1481649592 82.7266
1481649594 84.2512
1481649596 83.716
1481649598 83.7369
1481649600 78.6965
1481649602 80.6324
1481649604 78.9711
1481649606 79.3546
1481649608 79.788
1481649610 81.4395
1481649612 85.244
1481649614 87.2707
1481649616 87.0856
