1481904971.68 0.94887233
1481904977.6 0.69041306
1481904983.62 0.88950932
1481904989.83 0.7325207
1481904995.97 0.84478152
1481905002.53 0.45248422
1481905008.48 0.69944787
1481905014.59 0.87376559
1481905021.05 0.80543947
1481905027.05 0.55454791
1481905033.4 0.85522199
1481905039.58 0.88886076
1481905045.99 0.63379484
1481905052.13 0.80906129
1481905058.68 0.75501233
1481905065.33 0.70375413
1481905071.35 0.72540605
1481905077.36 0.82319921
1481905083.86 0.65645015
1481905090.09 0.83963913
1481905096.28 0.7932893
1481905103.06 0.78516918
1481905109.14 0.66249293
1481905115.0 0.81139368
1481905122.15 0.80402482
1481905129.64 0.75253463
1481905137.11 0.66118962
1481905144.33 0.76295334
1481905151.31 0.62472749
1481905157.85 0.61946177
