1481904966 88.8848
1481904968 86.5973
1481904970 92.6609
1481904972 90.8611
1481904974 94.5925
1481904976 91.1895
1481904978 89.9616
1481904980 86.0891
1481904982 89.1279
1481904984 91.1862
1481904986 91.3876
1481904989 89.5085
1481904991 90.2587
1481904993 92.7152
1481904995 91.0959
1481904997 92.0583
1481904999 90.6035
1481905001 92.1703
1481905003 89.062
1481905005 93.9804
1481905007 94.1792
1481905009 93.2883
1481905011 93.6644
1481905013 92.7145
1481905015 93.2233
1481905018 92.6297
1481905020 92.5809
1481905022 91.4642
1481905024 92.8902
1481905026 93.6049
1481905028 93.4842
1481905030 91.7383
1481905032 90.9707
1481905034 93.3624
1481905036 91.9376
1481905038 92.1351
1481905040 91.4082
1481905042 94.5498
1481905044 92.4876
1481905046 92.8768
1481905049 95.1065
1481905051 91.9576
1481905053 92.278
1481905055 93.3278
1481905057 90.8574
1481905059 91.9008
1481905061 93.3442
1481905063 92.9839
1481905065 92.2558
1481905067 91.5144
1481905069 91.7906
1481905071 92.9467
1481905073 93.9995
1481905075 92.6521
1481905077 93.5771
1481905080 90.5166
1481905082 92.5309
1481905084 92.8081
1481905086 91.3692
1481905088 93.782
1481905090 94.2245
1481905092 92.8186
1481905094 92.9452
1481905096 92.9465
1481905098 93.2925
1481905100 91.0216
1481905102 90.7082
1481905104 91.643
1481905106 89.333
1481905109 92.3703
1481905111 91.8667
1481905113 92.4522
1481905115 91.078
1481905117 91.0056
1481905119 92.4185
1481905121 91.3225
1481905123 89.9567
1481905125 89.6095
1481905127 89.8242
1481905129 93.2806
1481905131 92.9027
1481905133 90.6427
1481905135 91.4385
1481905137 90.2016
1481905140 90.2087
1481905142 91.8101
1481905144 91.0271
1481905146 89.604
1481905148 90.3103
1481905150 92.2313
