1481904971.68 90
1481904977.6 150
1481904983.62 120
1481904989.83 165
1481904995.97 150
1481905002.53 150
1481905008.48 120
1481905014.59 150
1481905021.05 150
1481905027.05 135
1481905033.4 120
1481905039.58 135
1481905045.99 60
1481905052.13 135
1481905058.68 165
1481905065.33 120
1481905071.35 135
1481905077.36 120
1481905083.86 150
1481905090.09 195
1481905096.28 135
1481905103.06 120
1481905109.14 90
1481905115.0 105
1481905122.15 120
1481905129.64 180
1481905137.11 120
1481905144.33 165
1481905151.31 135
1481905157.85 75
