1481904971.68 3050
1481904977.6 5447
1481904983.62 3052
1481904989.83 5009
1481904995.97 5516
1481905002.53 9404
1481905008.48 6223
1481905014.59 5173
1481905021.05 4959
1481905027.05 4263
1481905033.4 2967
1481905039.58 3207
1481905045.99 2466
1481905052.13 3623
1481905058.68 2567
1481905065.33 3441
1481905071.35 3408
1481905077.36 1858
1481905083.86 2605
1481905090.09 1985
1481905096.28 3313
1481905103.06 2735
1481905109.14 1545
1481905115.0 3682
1481905122.15 2398
1481905129.64 3483
1481905137.11 3617
1481905144.33 3384
1481905151.31 4113
1481905157.85 3821
