1481642506.36 0
1481642512.21 0.93856204
1481642518.06 0
1481642523.67 0.85305476
1481642529.45 0.82419038
1481642537.13 0
1481642543.02 0.86929238
1481642548.87 0.92360169
1481642555.04 0.86989671
1481642560.68 0.91580242
1481642566.32 0.92893147
1481642571.96 0
1481642578.02 0.86433023
1481642584.07 0.84779
1481642589.61 0.89237636
1481642595.04 0
1481642600.37 0
1481642605.9 0.88809901
1481642611.23 0.95792061
1481642616.99 0.75741363
1481642623.45 0.82136422
1481642628.88 0.92815745
1481642635.15 0.75838548
1481642640.58 0.96165609
1481642646.33 0.97495896
1481642651.76 0.9751603
1481642657.4 0.9691512
1481642664.08 0
1481642670.35 0.83150917
1481642676.62 0.84179336
1481642682.78 0.8991878
1481642688.21 0.87490559
