1481626819.03 0.95000702
1481626826.03 0.72233111
1481626832.61 0.73827267
1481626838.62 0.78990328
1481626845.98 0.75304145
1481626851.93 0.70977169
1481626858.1 0.3614465
1481626864.91 0.81217498
1481626871.26 0.83597517
1481626877.11 0.77784657
1481626883.24 0.85995239
1481626889.5 0.65769374
1481626895.66 0
1481626901.54 0.91384155
1481626907.29 0.95840895
1481626914.08 0.85728168
1481626920.35 0.75058651
1481626926.2 0.68035728
1481626931.63 0.63969511
1481626939.15 0.72762412
1481626944.34 0
1481626950.43 0.85458803
1481626955.96 0.96744537
1481626962.44 0.94390142
1481626970.07 0.71720642
1481626976.23 0.90109128
1481626981.65 0
