1481626819.03 4039
1481626826.03 3296
1481626832.61 2273
1481626838.62 3202
1481626845.98 3637
1481626851.93 3534
1481626858.1 2393
1481626864.91 3705
1481626871.26 1906
1481626877.11 2922
1481626883.24 2775
1481626889.5 2188
1481626895.66 0
1481626901.54 3588
1481626907.29 1614
1481626914.08 2266
1481626920.35 2549
1481626926.2 3048
1481626931.63 2931
1481626939.15 2937
1481626944.34 0
1481626950.43 2644
1481626955.96 4130
1481626962.44 3171
1481626970.07 4593
1481626976.23 2956
1481626981.65 0
