1481910687 104.159
1481910689 111.982
1481910691 98.9402
1481910693 113.346
1481910695 103.016
1481910697 103.424
1481910699 100.283
1481910701 101.72
1481910703 103.644
1481910706 95.2975
1481910708 96.5899
1481910710 101.711
1481910712 103.181
1481910714 104.43
1481910716 99.857
1481910718 98.7484
1481910720 105.204
1481910722 102.119
1481910724 87.0978
1481910726 115.106
1481910728 99.0271
1481910730 94.6377
1481910732 95.7079
1481910734 95.4945
1481910737 96.1988
1481910739 110.606
1481910741 98.9284
1481910743 104.165
1481910745 99.5925
1481910747 103.539
1481910749 99.6636
1481910751 98.9534
1481910753 105.289
