1481561169.65 0
1481561176.05 0
1481561185.16 0.65599489
1481561192.47 0.7141217
1481561198.42 0.8559643
1481561204.59 0.81796628
1481561212.73 0.64565992
1481561218.27 0
1481561224.85 0.78499138
1481561232.68 0
1481561239.37 0.80267578
1481561245.11 0.73158896
1481561250.85 0.93988037
1481561256.12 0.97421879
1481561262.45 0
1481561268.3 0.76990181
1481561275.93 0.63846356
1481561283.45 0.50751066
1481561288.56 0
1481561294.5 0.90350878
1481561299.94 0
1481561307.47 0
1481561312.8 0.93933451
1481561321.36 0.50371015
1481561326.17 0.16614698
