1481561164 93.7831
1481561166 81.0501
1481561168 72.7193
1481561170 77.3048
1481561172 78.8025
1481561174 78.8676
1481561176 87.0125
1481561178 90.0833
1481561180 82.778
1481561182 79.7459
1481561184 79.944
1481561186 80.7803
1481561188 82.7389
1481561190 80.8698
1481561192 82.8111
1481561194 79.8072
1481561196 85.9272
1481561198 79.1628
1481561200 78.7743
1481561202 80.5404
1481561204 80.6736
1481561206 80.1211
1481561208 78.2411
1481561210 81.4102
1481561212 76.6555
1481561214 78.5671
1481561216 74.9173
1481561218 74.1856
1481561220 76.4352
1481561222 73.8294
1481561224 73.8062
1481561226 76.0585
1481561228 76.4599
1481561230 72.3838
1481561232 74.4126
1481561234 75.9808
1481561236 71.3795
1481561238 72.9155
1481561240 75.9465
1481561242 75.0286
1481561244 74.663
1481561246 74.2682
1481561248 73.6321
1481561250 75.5927
1481561252 74.8074
1481561254 75.1321
1481561256 78.6451
1481561258 75.8069
1481561260 75.3169
1481561262 73.8692
1481561264 80.2673
1481561266 76.3917
1481561268 77.5675
1481561270 83.207
1481561272 82.1249
1481561274 76.695
1481561276 79.5122
1481561278 67.6136
1481561280 76.3238
1481561282 78.9519
1481561284 76.8991
1481561286 75.3705
1481561288 74.5344
1481561290 78.2776
1481561292 78.7337
1481561294 84.9263
1481561296 83.4209
1481561298 79.0197
1481561300 78.5173
1481561302 75.8881
1481561304 77.4222
1481561306 81.1084
1481561308 79.7579
1481561310 78.369
1481561312 75.4341
1481561314 78.799
1481561316 78.0675
1481561318 73.728
1481561320 81.1181
1481561322 97.6011
