1481904570 79.5341
1481904573 83.5365
1481904575 77.8233
1481904577 88.5083
1481904579 83.7573
1481904581 84.6677
1481904583 92.4944
1481904585 93.3777
1481904587 87.4622
1481904589 88.2928
1481904591 85.7716
1481904593 86.925
1481904595 84.2298
1481904597 88.0166
1481904599 90.2346
1481904602 90.228
1481904604 84.9332
1481904606 87.4295
1481904608 85.6577
1481904610 91.8805
1481904612 85.6405
1481904614 86.3623
1481904616 86.2936
1481904618 85.7066
1481904620 91.9093
1481904622 95.7733
1481904624 94.8577
1481904626 86.5594
1481904628 87.2589
1481904630 86.2318
1481904633 87.2871
1481904635 82.7339
1481904637 85.2534
1481904639 87.9614
1481904641 82.1849
1481904643 93.7409
1481904645 94.0842
1481904647 91.1051
1481904649 92.9345
1481904651 88.3529
1481904653 85.9495
1481904655 84.1631
1481904657 85.7452
1481904659 85.9447
1481904661 89.8406
1481904664 80.2348
1481904666 83.9137
1481904668 89.0394
1481904670 86.6969
1481904672 87.3786
1481904674 83.5915
1481904676 91.7605
