1481729251.18 0.66943443
1481729257.03 0.85764974
1481729262.99 0.51
1481729268.67 0.83765656
1481729274.27 0.87590474
1481729280.12 0.92025435
1481729285.76 0.51
1481729291.29 0.88655823
1481729297.25 0.81914949
1481729302.98 0.90303707
1481729308.94 0.93354839
1481729314.79 0.51
1481729320.75 0.51
1481729326.71 0.51
1481729332.55 0.93551481
1481729338.71 0.75365633
1481729345.6 0.67271924
1481729351.66 0.78965795
1481729357.62 0.51
1481729363.49 0.51
1481729369.56 0.81014019
1481729375.37 0.51
1481729381.74 0.51
1481729387.61 0.81355268
1481729393.65 0.92163926
1481729399.6 0.51
1481729405.45 0.95719731
1481729411.41 0.95721626
1481729417.15 0.96065539
1481729422.58 0.51
1481729428.22 0.97452801
1481729433.87 0.51
1481729440.55 0.51
1481729446.43 0.94367939
1481729452.35 0.88224691
