1481568990 83.814
1481568992 83.0883
1481568994 80.8688
1481568996 81.2064
1481568998 79.6688
1481569000 79.7077
1481569002 82.5786
1481569004 81.5658
1481569006 83.5511
1481569008 81.2817
1481569010 81.4833
1481569012 79.2103
1481569014 81.4346
1481569016 82.8819
1481569018 85.2536
1481569020 84.8927
1481569022 86.5002
1481569024 82.7306
1481569026 85.066
1481569028 84.8272
1481569030 83.9062
1481569032 83.8768
1481569034 82.0271
1481569036 82.087
1481569038 83.1077
1481569040 85.2
1481569042 86.2555
1481569044 83.7301
1481569046 83.356
1481569048 83.9525
1481569050 83.1156
1481569052 83.867
1481569054 83.1048
1481569056 81.3689
1481569058 81.5107
1481569060 86.329
1481569062 83.3546
1481569064 83.5708
1481569066 82.7022
1481569068 83.6926
1481569070 83.8413
1481569072 84.307
1481569074 84.3764
1481569076 84.4082
1481569078 83.3203
1481569080 84.1881
1481569082 79.8973
1481569084 84.5198
1481569086 85.1254
1481569088 84.3323
1481569090 85.8965
1481569092 87.5489
1481569094 82.9615
1481569096 85.6177
1481569098 83.915
1481569100 84.3171
1481569102 85.1014
1481569104 83.6216
1481569106 83.4473
1481569108 83.1776
1481569110 83.5806
1481569112 82.4921
1481569114 84.763
1481569116 83.5806
1481569118 84.2413
1481569120 86.3079
1481569122 83.7288
1481569124 84.1509
1481569126 84.5331
1481569128 83.8806
1481569130 81.5931
1481569132 83.2891
1481569134 85.5478
1481569136 85.2356
1481569138 86.298
1481569140 86.6228
1481569142 86.062
1481569144 84.2765
1481569146 84.5497
1481569148 83.5176
1481569150 84.619
1481569152 83.3327
1481569154 82.2229
1481569156 83.7464
1481569158 83.2396
1481569160 83.3981
1481569162 84.8662
1481569164 85.0871
1481569166 85.0656
1481569168 84.8333
1481569170 82.6813
1481569172 85.3932
1481569174 85.0278
1481569176 85.1607
1481569178 85.3771
1481569180 84.9574
1481569182 83.4196
1481569184 84.3259
1481569186 84.2976
1481569188 85.1552
1481569190 84.9211
1481569192 84.497
1481569194 84.6433
1481569196 84.6759
1481569198 85.9031
1481569200 88.9928
1481569202 89.2203
