1481624516.46 0
1481624522.31 300
1481624528.17 140
1481624533.81 280
1481624540.59 300
1481624547.07 260
1481624553.33 0
1481624558.97 0
1481624565.24 180
1481624570.94 220
1481624576.94 260
1481624583.73 0
1481624589.79 0
1481624595.91 240
1481624602.01 280
1481624608.17 160
1481624613.75 180
1481624619.56 240
1481624626.71 220
1481624632.3 180
1481624638.36 280
1481624644.31 240
1481624649.95 220
1481624655.59 260
1481624661.19 240
1481624667.06 0
1481624673.14 0
1481624679.3 200
1481624685.15 0
1481624690.16 0
1481624695.28 0
1481624700.98 0
1481624706.99 40
