1481732628.84 0
1481732635.52 0.75257087
1481732641.26 0.87943834
1481732648.26 0.66785294
1481732657.04 0.66156936
1481732663.93 0.77951193
1481732670.82 0.67546362
1481732677.72 0.69225526
1481732683.55 0.61
1481732690.52 0.87216574
1481732698.5 0.36772487
1481732705.94 0.8329643
1481732711.98 0.61626059
1481732720.02 0.49969575
1481732726.5 0.75781566
1481732734.54 0.84298909
1481732741.43 0.75061613
1481732747.49 0.92687476
1481732752.92 0.61
1481732758.25 0.61
1481732765.35 0.75822675
1481732769.92 0
