1481732624 99.3536
1481732626 76.4335
1481732628 70.1929
1481732630 74.1464
1481732632 77.6253
1481732634 70.7387
1481732637 70.8333
1481732639 66.1249
1481732641 71.683
1481732643 74.9579
1481732645 74.1409
1481732647 80.0568
1481732649 75.1522
1481732651 74.9017
1481732653 75.9621
1481732655 77.3331
1481732657 78.1674
1481732659 71.0092
1481732661 78.6183
1481732663 77.9845
1481732665 78.5284
1481732668 77.0889
1481732670 75.4526
1481732672 79.2657
1481732674 76.4259
1481732676 76.1681
1481732678 78.0418
1481732680 76.9583
1481732682 76.3626
1481732684 77.7226
1481732686 78.6507
1481732688 80.118
1481732690 78.6936
1481732692 77.6371
1481732694 75.463
1481732697 75.5548
1481732699 77.175
1481732701 76.7705
1481732703 75.2384
1481732705 74.1717
1481732707 78.2454
1481732709 78.0633
1481732711 74.885
1481732713 79.3291
1481732715 76.1117
1481732717 77.0165
1481732719 72.1053
1481732721 77.5014
1481732723 77.1909
1481732725 78.133
1481732728 76.7728
1481732730 76.9505
1481732732 79.0023
1481732734 77.1476
1481732736 76.899
1481732738 77.7657
1481732740 78.7892
1481732742 77.0992
1481732744 78.1173
1481732746 75.3878
1481732748 74.8008
1481732750 81.1438
1481732752 80.2418
1481732754 81.2903
1481732756 79.0776
1481732759 79.6058
1481732761 79.7755
1481732763 81.1075
1481732765 78.4388
