1481907805 93.2581
1481907807 84.6389
1481907809 88.0422
1481907811 97.0693
1481907813 93.6207
1481907815 80.2529
1481907817 91.1253
1481907819 96.8138
1481907821 85.6219
1481907823 100.121
1481907825 84.7853
1481907827 91.5977
1481907830 76.1823
1481907832 74.012
1481907834 70.8543
1481907836 105.005
1481907838 100.061
1481907840 93.3293
1481907842 99.6263
1481907844 100.858
1481907846 76.0665
1481907848 97.5596
1481907850 100.748
1481907852 100.607
1481907854 92.947
1481907856 96.0316
1481907859 101.668
1481907861 96.7609
1481907863 101.186
1481907865 102.993
1481907867 94.8727
1481907869 96.8145
1481907871 86.4938
1481907873 92.1844
1481907875 99.0816
1481907877 96.8375
1481907879 96.1917
1481907881 95.3053
1481907883 97.5801
1481907885 81.5726
