1481736263.32 0.85311246
1481736269.38 0.76532149
1481736275.7 0.83618551
1481736283.78 0.75882262
1481736292.99 0.83485162
1481736300.09 0.72898746
1481736308.45 0.48376653
1481736315.97 0.82374358
1481736323.28 0.81995469
1481736329.54 0.61
1481736336.65 0.80963874
1481736344.06 0.78721189
1481736352.21 0.72519392
1481736359.21 0.78419107
1481736366.0 0.78839231
1481736373.39 0.62617141
1481736379.37 0.85204291
1481736386.36 0.61
1481736393.47 0.74579591
1481736400.05 0.87824571
1481736407.56 0.61583936
1481736413.73 0.53951257
1481736420.82 0.61
1481736428.77 0.61
1481736433.47 0
