1481733519 103.064
1481733521 101.062
1481733523 98.0006
1481733525 102.97
1481733527 102.149
1481733529 108.024
1481733531 98.184
1481733533 97.8665
1481733535 99.1154
1481733537 101.359
1481733539 100.509
1481733542 101.561
1481733544 101.541
1481733546 100.575
1481733548 101.026
1481733550 100.963
1481733552 100.9
1481733554 98.0897
1481733556 99.6235
1481733558 100.069
1481733560 103.496
1481733562 104.739
1481733564 103.195
1481733566 102.96
1481733568 102.514
1481733571 100.871
1481733573 98.4839
1481733575 97.2245
1481733577 108.191
1481733579 102.466
1481733581 103.069
1481733583 94.5387
1481733585 109.601
1481733587 103.243
1481733589 99.3248
1481733591 102.881
1481733593 102.59
1481733595 100.581
1481733597 103.007
1481733600 65.5785
1481733602 73.443
1481733604 76.0907
1481733606 100.02
1481733608 95.2159
1481733610 96.8455
1481733612 96.6772
1481733614 72.6004
1481733616 63.2334
1481733618 70.7215
1481733620 75.1718
1481733622 70.4947
1481733624 96.1459
1481733626 96.5952
1481733628 97.5517
1481733631 97.254
1481733633 96.0211
1481733635 94.9486
1481733637 95.3537
1481733639 97.3704
1481733641 101.42
1481733643 90.5962
1481733645 98.6448
1481733647 104.416
1481733649 99.545
1481733651 100.812
1481733653 115.21
1481733655 100.754
1481733657 97.4415
1481733659 106.866
1481733662 98.3485
1481733664 91.9833
1481733666 97.2945
1481733668 97.7283
1481733670 99.5893
1481733672 98.6909
1481733674 95.6626
1481733676 97.9638
1481733678 98.0245
1481733680 95.2189
