1481562171 81.3318
1481562173 75.111
1481562175 73.2827
1481562177 80.7485
1481562179 78.816
1481562181 78.3274
1481562183 81.0063
1481562185 76.9582
1481562187 76.0028
1481562189 76.0647
1481562191 71.6164
1481562193 78.1795
1481562195 80.7937
1481562197 77.7373
1481562199 79.7321
1481562201 82.27
1481562203 78.6334
1481562205 77.2415
1481562207 75.8602
1481562209 78.0976
1481562211 75.438
1481562213 78.5023
1481562215 80.4217
1481562217 77.9814
1481562219 82.0973
1481562221 76.8512
1481562223 74.1905
1481562225 77.7612
1481562227 78.5238
1481562229 77.2639
1481562231 77.4664
1481562233 77.8014
1481562235 84.1295
1481562237 85.9724
1481562239 80.567
1481562241 95.8524
