1481907258.88 0.89988697
1481907264.95 0.56504291
1481907271.11 0.87486458
1481907277.07 0.92525053
1481907283.58 0.68412423
1481907289.52 0.77440596
1481907295.73 0.62856239
1481907302.02 0.85521352
1481907307.89 0.91312265
1481907314.29 0.78564805
1481907320.37 0.87846172
1481907326.24 0.84489965
1481907332.07 0.9393422
1481907337.97 0.80374646
1481907344.56 0.72881812
1481907350.81 0.75379372
1481907356.8 0.87707567
1481907364.1 0.73589218
1481907371.24 0.82603675
1481907377.48 0.97495127
1481907383.29 0.90928352
1481907391.02 0.77899861
1481907399.08 0.69718683
1481907405.19 0.89568031
1481907411.73 0.83303094
1481907418.23 0.76716715
1481907424.53 0.87150073
1481907430.88 0.80950493
1481907436.66 0.93911839
1481907442.95 0.78451216
1481907450.56 0.64692712
1481907456.45 0.61
1481907462.51 0.8480261
1481907468.32 0.84923857
1481907474.25 0.89824992
1481907479.98 0.94359142
1481907485.74 0.87602413
1481907491.6 0.94794941
1481907497.93 0.8019852
1481907504.55 0.70645005
1481907510.22 0.96317196
1481907517.61 0.80842733
