1481907252 82.3856
1481907254 85.2103
1481907256 88.2704
1481907259 83.2919
1481907261 85.5578
1481907263 85.9884
1481907265 83.3919
1481907267 85.4299
1481907269 86.1776
1481907271 88.7493
1481907273 89.5663
1481907275 91.2497
1481907277 91.2405
1481907279 85.5496
1481907281 89.8536
1481907283 91.5039
1481907285 91.4738
1481907287 90.864
1481907290 88.4834
1481907292 90.4668
1481907294 92.4648
1481907296 88.2408
1481907298 90.7393
1481907300 87.7444
1481907302 91.7414
1481907304 88.0939
1481907306 89.6477
1481907308 88.9682
1481907310 89.1459
1481907312 89.0371
1481907314 88.7658
1481907316 85.2843
1481907319 83.1549
1481907321 89.9184
1481907323 90.8165
1481907325 90.8677
1481907327 86.9395
1481907329 86.88
1481907331 85.2622
1481907333 86.7287
1481907335 89.6137
1481907337 88.2889
1481907339 55.4796
1481907341 90.6104
1481907343 90.8347
1481907345 92.1057
1481907347 91.9935
1481907350 87.3834
1481907352 87.8267
1481907354 88.4501
1481907356 90.012
1481907358 89.8533
1481907360 88.1185
1481907362 89.5632
1481907364 88.9191
1481907366 90.0074
1481907368 89.4241
1481907370 88.881
1481907372 88.5941
1481907374 88.8593
1481907376 90.2257
1481907379 89.3955
1481907381 89.32
1481907383 88.1605
1481907385 89.8432
1481907387 90.2818
1481907389 88.4375
1481907391 89.5126
1481907393 89.8807
1481907395 89.9484
1481907397 87.9365
1481907399 87.5668
1481907401 89.4394
1481907403 87.6904
1481907405 91.5003
1481907407 91.0498
1481907410 89.6231
1481907412 89.5053
1481907414 90.4007
1481907416 90.5095
1481907418 89.506
1481907420 88.8065
1481907422 89.7879
1481907424 87.9947
1481907426 90.0229
1481907428 91.1026
1481907430 89.9733
1481907432 86.9052
1481907434 89.7392
1481907436 89.9854
1481907438 90.3156
1481907441 90.3714
1481907443 88.6874
1481907445 89.4925
1481907447 90.0074
1481907449 89.4201
1481907451 89.2733
1481907453 90.6408
1481907455 90.7263
1481907457 89.3463
1481907459 90.0315
1481907461 89.5235
1481907463 90.5317
1481907465 88.8141
1481907467 88.6122
1481907470 88.9398
1481907472 90.3035
1481907474 88.1798
1481907476 89.1432
1481907478 90.8253
1481907480 90.8059
1481907482 89.6574
1481907484 88.8327
1481907486 89.3953
1481907488 90.8346
1481907490 90.9223
1481907492 90.7116
1481907494 90.7732
1481907496 91.7871
1481907499 88.6737
1481907501 89.9979
1481907503 89.8688
1481907505 92.1752
1481907507 90.349
1481907509 88.7175
1481907511 89.2692
