1481907258.88 60
1481907264.95 120
1481907271.11 135
1481907277.07 150
1481907283.59 120
1481907289.52 75
1481907295.73 105
1481907302.02 165
1481907307.89 105
1481907314.29 90
1481907320.37 150
1481907326.24 180
1481907332.07 120
1481907337.97 135
1481907344.56 165
1481907350.81 180
1481907356.8 150
1481907364.1 105
1481907371.24 120
1481907377.48 90
1481907383.29 150
1481907391.02 165
1481907399.08 150
1481907405.19 150
1481907411.73 165
1481907418.23 180
1481907424.53 165
1481907430.88 180
1481907436.66 90
1481907442.95 75
1481907450.56 135
1481907456.45 140
1481907462.51 150
1481907468.32 165
1481907474.25 150
1481907479.98 90
1481907485.74 105
1481907491.6 90
1481907497.93 180
1481907504.55 165
1481907510.22 180
1481907517.61 30
