1481907258.88 2696
1481907264.95 2189
1481907271.11 3205
1481907277.07 1678
1481907283.59 3481
1481907289.52 879
1481907295.73 2372
1481907302.02 2414
1481907307.89 2595
1481907314.29 2353
1481907320.37 2584
1481907326.24 2840
1481907332.07 900
1481907337.97 2692
1481907344.56 2639
1481907350.81 2418
1481907356.8 1601
1481907364.1 2171
1481907371.24 2872
1481907377.48 1994
1481907383.29 594
1481907391.02 3507
1481907399.08 2849
1481907405.19 1394
1481907411.73 1228
1481907418.23 2172
1481907424.53 5006
1481907430.88 2124
1481907436.66 1604
1481907442.95 1587
1481907450.56 756
1481907456.45 2428
1481907462.51 959
1481907468.32 1336
1481907474.25 2067
1481907479.98 1372
1481907485.74 1707
1481907491.6 1557
1481907497.93 2611
1481907504.55 1938
1481907510.22 656
1481907517.61 1948
