1481560573.57 0.84283805
1481560579.14 0.43307561
1481560584.26 0
1481560589.69 0.93893945
1481560595.09 0.85196108
1481560600.56 0
1481560606.19 0.74197257
1481560611.63 0.85510159
1481560616.9 0.95524299
1481560622.38 0.80234355
1481560628.03 0.87569904
1481560634.4 0.89859176
1481560640.24 0.88093835
1481560645.68 0.88729364
1481560651.01 0.75517434
1481560656.64 0.84552342
1481560662.49 0
1481560668.13 0.75313073
1481560673.67 0.94457459
1481560679.62 0.7132405
1481560685.68 0.9356693
1481560691.22 0
1481560696.78 0.88585061
1481560702.18 0.87106901
