1481560560 97.8351
1481560562 100.346
1481560564 97.3206
1481560566 80.8234
1481560568 66.8866
1481560570 95.3125
1481560572 93.2004
1481560574 87.9714
1481560576 92.0264
1481560578 90.8767
1481560580 87.1008
1481560582 99.4195
1481560584 100.424
1481560586 96.6088
1481560588 95.3701
1481560590 95.5025
1481560592 95.5487
1481560594 94.17
1481560596 95.6281
1481560598 95.7468
1481560600 95.5019
1481560602 97.1395
1481560604 95.6152
1481560606 95.6162
1481560608 93.4029
1481560610 95.7753
1481560612 95.7979
1481560614 95.2642
1481560616 98.9847
1481560618 95.5819
1481560620 96.1221
1481560622 94.5573
1481560624 95.7646
1481560626 97.8276
1481560628 95.1716
1481560630 97.5925
1481560632 95.7838
1481560634 95.3286
1481560636 94.1996
1481560638 96.8016
1481560640 97.5763
1481560642 96.6583
1481560644 94.7373
1481560646 96.7228
1481560648 97.7355
1481560650 97.2399
1481560652 97.6075
1481560654 97.2564
1481560656 95.4818
1481560658 95.4775
1481560660 94.9377
1481560662 95.7899
1481560664 97.1586
1481560666 97.2647
1481560668 98.6634
1481560670 96.5573
1481560672 96.2267
1481560674 97.8262
1481560676 97.7154
1481560678 101.377
1481560680 95.1809
1481560682 98.7396
1481560684 97.4672
1481560686 98.6685
1481560688 98.4124
1481560690 96.8615
1481560692 94.8368
1481560694 96.0882
1481560696 96.2501
1481560698 98.0466
1481560700 102.717
