1481626214.58 2871
1481626220.96 1235
1481626227.12 0
1481626233.18 2446
1481626240.18 1757
1481626245.72 2088
1481626251.81 1943
1481626257.73 2737
1481626264.54 2388
1481626270.47 3354
1481626277.57 2505
1481626283.63 1244
1481626290.63 1677
1481626297.02 3665
1481626305.15 3490
1481626311.2 0
1481626317.78 3082
1481626323.42 2735
1481626330.85 1895
1481626337.53 2974
1481626343.38 0
1481626349.85 3341
1481626355.49 3005
1481626361.51 2125
1481626368.24 0
1481626375.23 2404
1481626380.81 809
1481626385.68 0
