1481644889.36 0.90366161
1481644895.63 0.91829562
1481644902.1 0.89135081
1481644907.77 0.87028903
1481644913.35 0.84293854
1481644920.07 0.72003442
1481644925.82 0.75171435
1481644931.14 0.91023988
1481644937.63 0.83581662
1481644943.67 0.54390782
1481644949.21 0
1481644955.05 0
1481644960.48 0.82510543
1481644965.82 0.77048057
1481644971.46 0.58144498
1481644976.99 0.83052909
1481644982.21 0.94137537
1481644987.64 0.87761629
1481644992.97 0.59393352
1481645001.01 0.87628067
1481645008.95 0.67184019
1481645014.69 0
1481645020.75 0.7674551
1481645026.19 0.87973493
1481645031.87 0
1481645036.96 0.97516024
1481645042.17 0
1481645047.49 0
1481645052.82 0.81805754
1481645058.57 0.77796966
1481645063.89 0.82998306
1481645070.26 0.73856866
