1481644883 90.7156
1481644885 88.2282
1481644887 86.4377
1481644889 81.3235
1481644891 81.1112
1481644893 79.7468
1481644895 79.9513
1481644897 81.2827
1481644899 78.5642
1481644901 82.9078
1481644903 82.6639
1481644905 81.4319
1481644907 79.964
1481644909 79.9032
1481644911 79.0442
1481644913 79.5971
1481644915 76.858
1481644917 79.745
1481644919 79.5315
1481644921 81.5747
1481644923 80.6471
1481644925 80.1122
1481644927 77.1294
1481644929 79.4971
1481644931 79.2318
1481644933 79.5499
1481644935 79.4949
1481644937 79.4505
1481644939 76.421
1481644941 77.4781
1481644943 81.9479
1481644945 79.902
1481644947 80.7342
1481644949 81.2285
1481644951 81.9759
1481644953 82.3781
1481644955 81.7795
1481644957 77.6316
1481644959 80.3163
1481644961 77.6681
1481644963 82.7241
1481644965 80.3397
1481644967 83.4461
1481644969 80.8772
1481644971 79.8855
1481644973 82.5533
1481644975 79.803
1481644977 80.1067
1481644979 81.9015
1481644981 82.131
1481644983 80.5639
1481644985 80.6805
1481644987 79.6344
1481644989 81.4162
1481644991 81.9581
1481644993 81.1299
1481644995 80.0183
1481644997 81.7611
1481644999 79.6327
1481645001 79.3625
1481645003 80.6417
1481645005 79.5237
1481645007 82.9617
1481645009 80.7656
1481645011 84.7132
1481645013 79.4337
1481645015 78.8996
1481645017 81.3616
1481645019 82.312
1481645021 79.0146
1481645023 78.4401
1481645025 78.2262
1481645027 78.4809
1481645029 79.5366
1481645031 80.8834
1481645033 79.6412
1481645035 80.7196
1481645037 79.336
1481645039 79.849
1481645041 80.1203
1481645043 80.4259
1481645045 79.6623
1481645047 83.6519
1481645049 80.8217
1481645051 83.449
1481645053 81.8025
1481645055 82.789
1481645057 79.8894
1481645059 80.4161
1481645061 78.9143
1481645063 79.6781
1481645065 79.8777
1481645067 82.0269
