1481916334 89.5423
1481916336 87.994
1481916338 85.6265
1481916340 82.0276
1481916342 90.5158
1481916344 83.4872
1481916346 83.3727
1481916348 83.0089
1481916350 83.293
1481916352 87.8773
1481916354 83.3755
1481916356 82.6135
1481916358 82.7386
1481916361 78.8069
1481916363 82.3478
1481916375 80.6235
1481916377 80.5783
1481916379 81.3764
1481916381 80.7284
1481916383 79.0539
1481916385 75.1087
1481916387 81.1475
1481916389 79.7446
1481916391 79.9858
1481916393 79.3859
1481916395 84.8601
1481916397 82.2028
1481916399 81.2229
1481916401 82.643
1481916403 80.6248
1481916406 80.8133
1481916408 76.6117
1481916410 85.5583
1481916412 79.4653
1481916414 78.8345
1481916416 80.6937
1481916418 82.245
1481916420 82.1775
1481916422 79.0049
1481916424 80.6129
1481916426 81.5915
1481916428 76.2621
1481916430 82.6503
1481916432 80.2271
1481916435 77.8144
1481916437 80.1375
1481916439 80.5974
1481916441 79.5546
1481916443 80.7696
1481916445 85.5704
1481916447 84.0004
1481916449 78.6037
1481916451 84.2138
1481916453 83.1104
1481916455 80.011
1481916457 78.7843
1481916459 78.5331
1481916461 82.3852
1481916463 81.2476
1481916466 81.855
1481916468 81.0897
1481916470 81.0679
1481916472 78.3665
1481916474 81.9956
1481916476 80.8631
1481916478 88.6709
