1481738046.67 0.61
1481738053.36 0.61
1481738059.42 0.91444522
1481738065.37 0.62051159
1481738072.26 0.87202716
1481738078.74 0.75691319
1481738086.68 0.64091355
1481738092.32 0.84937805
1481738097.96 0.86879206
1481738105.58 0.56041145
1481738112.27 0.84146881
1481738118.64 0.88376456
1481738124.7 0.83590895
1481738130.85 0.61
1481738137.02 0.7242766
1481738142.98 0.95383114
1481738151.23 0.51483929
1481738157.28 0.60708761
1481738163.76 0.69155139
1481738169.71 0.83803076
1481738177.13 0.8855809
1481738182.77 0.63328433
