1481738042 111.973
1481738044 97.6014
1481738047 113.057
1481738049 90.0903
1481738051 95.8644
1481738053 95.7222
1481738055 98.9248
1481738057 96.927
1481738059 98.3452
1481738061 96.2185
1481738063 99.3142
1481738065 94.666
1481738067 81.7735
1481738069 100.543
1481738071 98.4662
1481738073 97.6962
1481738075 96.7865
1481738078 97.9757
1481738080 98.1482
1481738082 92.147
1481738084 97.5067
1481738086 100.526
1481738088 93.7292
1481738090 101.438
1481738092 100.517
1481738094 97.5503
1481738096 97.0192
1481738098 91.0713
1481738100 100.865
1481738102 95.0648
1481738104 101.899
1481738107 100.011
1481738109 96.3775
1481738111 98.5931
1481738113 98.7915
1481738115 98.2721
1481738117 99.1036
1481738119 92.2135
1481738121 98.0687
1481738123 96.38
1481738125 101.853
1481738127 108.974
1481738129 104.295
1481738131 94.9405
1481738133 98.987
1481738135 94.5984
1481738138 99.9244
1481738140 92.5047
1481738142 97.3319
1481738144 100.4
1481738146 94.7097
1481738148 101.584
1481738150 93.1716
1481738152 98.7177
1481738154 93.8278
1481738156 99.9407
1481738158 103.833
1481738160 101.178
1481738162 97.2239
1481738164 97.3266
1481738166 103.449
1481738169 102.889
1481738171 100.334
1481738173 107.311
1481738175 101.604
1481738177 106.567
