1481561540.6 0
1481561546.66 0
1481561552.51 0
1481561558.45 361
1481561565.14 0
1481561570.68 0
1481561576.11 0
1481561583.11 0
1481561588.98 1362
1481561597.1 0
1481561602.75 0
1481561609.74 0
1481561615.49 0
1481561621.19 794
1481561628.02 2688
1481561634.7 359
1481561640.35 1105
1481561645.78 1753
1481561651.73 0
1481561657.48 1530
1481561663.95 2017
1481561669.28 2312
1481561675.03 1228
1481561681.22 353
1481561686.36 0
1481561691.64 0
1481561697.59 0
1481561703.96 2106
1481561709.6 807
1481561715.14 0
