1481557218 87.5016
1481557220 90.2334
1481557222 88.3665
1481557224 83.8443
1481557226 84.4628
1481557228 81.3443
1481557230 81.9559
1481557232 81.8631
1481557234 84.9742
1481557236 80.4611
1481557238 83.0073
1481557240 83.925
1481557242 86.2348
1481557244 87.1667
1481557246 82.7273
1481557248 84.4493
1481557250 85.1254
1481557252 85.363
1481557254 87.7615
1481557256 85.6997
1481557258 87.1421
1481557260 87.6653
1481557262 86.695
1481557264 82.4029
1481557266 81.7665
1481557268 83.3421
1481557270 86.5394
1481557272 85.3089
1481557274 82.713
1481557276 81.2631
1481557278 80.1946
1481557280 83.6535
1481557282 83.699
1481557284 84.0729
1481557286 86.8546
1481557288 87.1675
1481557290 83.4347
1481557292 83.67
1481557294 85.2563
1481557296 84.0524
1481557298 82.9473
1481557300 85.1406
1481557302 85.8414
1481557304 96.6488
1481557306 97.0694
1481557308 93.5688
1481557310 90.841
1481557312 87.7918
1481557314 87.513
1481557316 86.5045
1481557318 86.0243
1481557320 89.5647
1481557322 85.0924
1481557324 89.2365
1481557326 90.8594
1481557328 89.1518
1481557330 86.4852
1481557332 88.192
1481557334 85.5172
1481557336 92.2266
1481557338 93.3284
1481557340 88.6924
1481557342 88.8879
1481557344 90.2154
1481557346 90.3497
1481557348 90.4384
1481557350 91.0185
1481557352 90.8997
1481557354 92.4734
1481557356 91.197
1481557358 90.9542
1481557360 88.4117
1481557362 90.2769
1481557364 88.512
1481557366 91.1402
1481557368 92.6069
1481557370 88.6945
1481557372 89.2023
1481557374 92.8616
1481557376 89.2167
1481557378 92.6787
1481557380 91.9477
1481557382 92.3309
1481557384 90.1225
1481557386 89.8382
1481557388 89.899
1481557390 91.1225
1481557392 90.0581
1481557394 89.475
1481557396 89.7595
1481557398 92.6225
1481557400 92.4648
1481557402 88.4338
1481557404 89.335
1481557406 93.8329
1481557408 91.6938
1481557410 90.11
1481557412 89.6909
1481557414 86.0121
1481557416 86.5343
1481557418 85.608
1481557420 88.934
1481557422 90.2439
1481557424 88.1206
1481557426 90.733
1481557428 90.8136
1481557430 86.0876
1481557432 88.6924
1481557434 88.2894
1481557436 88.2915
1481557438 90.3481
1481557440 93.4005
1481557442 92.2945
1481557444 91.0615
1481557446 91.8067
1481557448 92.3461
1481557450 93.8406
1481557452 89.6228
1481557454 95.6815
1481557456 93.1999
1481557458 92.7012
1481557460 88.1424
1481557462 91.7328
1481557464 86.6648
1481557466 91.467
1481557468 91.8975
1481557470 90.1336
1481557472 87.9131
1481557474 85.8292
1481557476 89.7437
1481557478 89.1011
1481557480 87.7077
1481557482 88.6332
1481557484 89.4602
1481557486 92.1259
1481557488 93.8194
1481557490 91.1247
1481557492 92.566
1481557494 90.0926
1481557496 92.1
1481557498 95.2299
1481557500 90.1729
1481557502 90.4678
1481557504 88.5839
1481557506 88.4148
1481557508 91.5754
1481557510 90.6481
1481557512 89.0146
1481557514 89.341
1481557516 90.0926
1481557518 87.8762
1481557520 90.4975
1481557522 89.7221
1481557524 91.3146
1481557526 90.9007
1481557528 89.3551
1481557530 89.9555
1481557532 89.7639
1481557534 90.0944
1481557536 87.688
1481557538 87.7479
1481557540 91.5589
1481557542 89.2954
1481557544 89.1172
1481557546 88.5284
1481557548 93.6507
