1481557225.31 1524
1481557231.47 2753
1481557238.16 0
1481557243.48 0
1481557249.44 0
1481557254.66 0
1481557260.18 0
1481557266.15 1752
1481557272.0 2932
1481557278.05 2607
1481557283.98 2211
1481557289.86 1805
1481557295.71 849
1481557301.56 0
1481557307.83 3622
1481557315.21 4721
1481557320.88 4458
1481557326.83 6023
1481557333.52 5452
1481557339.89 3066
1481557345.74 3895
1481557351.36 2075
1481557356.81 973
1481557362.97 0
1481557369.72 1025
1481557375.72 4787
1481557381.25 0
1481557387.42 0
1481557394.72 5014
1481557399.63 0
1481557405.25 4902
1481557411.23 0
1481557416.45 2508
1481557422.2 2713
1481557427.84 2375
1481557433.58 3171
1481557439.58 2916
1481557446.01 0
1481557451.76 0
1481557456.98 0
1481557463.34 3491
1481557468.99 3478
1481557475.78 3688
1481557482.25 4489
1481557488.0 2160
1481557494.16 2677
1481557499.8 1919
1481557505.34 1913
1481557512.23 3364
1481557519.44 0
1481557525.39 2560
1481557532.6 4173
1481557538.34 1671
1481557543.99 2400
1481557551.09 0
