1481733527.82 0.75733
1481733535.76 0.64661926
1481733542.98 0.61
1481733550.38 0.61
1481733557.69 0.72431237
1481733564.9 0.88607955
1481733571.91 0.70595902
1481733579.38 0.63280213
1481733586.94 0.85388756
1481733595.73 0.73808467
1481733602.72 0.87287211
1481733609.82 0.74735731
1481733615.78 0.76668745
1481733621.89 0.63911796
1481733629.45 0.73044074
1481733637.39 0.77014124
1481733644.8 0.68971056
1481733651.91 0.8098402
1481733658.38 0.61
1481733664.54 0.83910596
1481733671.54 0.7746616
1481733677.92 0.61
1481733684.47 0
