1481915092 91.071
1481915095 84.1112
1481915097 78.6264
1481915099 76.3264
1481915101 77.7795
1481915103 74.6826
1481915105 76.6877
1481915107 77.6458
1481915109 83.0445
1481915111 76.1126
1481915113 80.1349
1481915115 80.8443
1481915117 82.2443
1481915119 79.0851
1481915121 82.1649
1481915124 78.1846
1481915126 79.4504
1481915128 77.7744
1481915130 79.4809
1481915132 78.6874
1481915134 78.2615
1481915136 79.3577
1481915138 78.6903
1481915140 78.8551
1481915142 80.2873
1481915144 77.8207
1481915146 76.4468
1481915148 78.6087
1481915150 76.8401
1481915153 78.5164
1481915155 77.2936
1481915157 75.0875
1481915159 74.1957
1481915161 73.1697
1481915163 74.9535
1481915165 77.5128
1481915167 76.4492
1481915169 76.0238
1481915171 76.6954
1481915173 76.4986
1481915175 76.7318
1481915177 75.4314
1481915179 75.4865
1481915181 74.5199
1481915184 75.8286
1481915186 75.0683
1481915188 76.3532
1481915190 75.7578
1481915192 76.4198
1481915194 68.4176
1481915196 70.6947
1481915198 78.7534
1481915200 77.1533
1481915202 77.397
1481915204 79.2651
1481915206 75.2464
1481915208 76.7598
1481915210 79.3965
1481915212 80.1628
1481915215 78.3333
1481915217 76.7139
1481915219 78.7704
1481915221 79.9486
