1481917559.5 0.80130661
1481917565.71 0.56838632
1481917573.2 0.69702107
1481917581.29 0.89784908
1481917588.1 0.61
1481917596.37 0.61
1481917602.12 0.89796525
1481917608.88 0.88436943
1481917615.24 0.61
1481917621.84 0.8981843
1481917628.59 0.57306939
1481917634.62 0.83728123
1481917641.17 0.61
1481917647.31 0.87424815
1481917654.37 0.69519967
1481917659.91 0.86437988
1481917667.25 0.85796416
1481917673.36 0.88820839
1481917679.5 0.71697277
1481917685.84 0.61
1481917691.82 0.61
1481917698.56 0.79260337
1481917705.15 0.90350878
