1481917554 93.433
1481917556 92.9726
1481917558 91.2195
1481917561 99.2457
1481917563 95.4847
1481917565 96.4391
1481917567 92.9343
1481917569 93.9634
1481917571 99.1102
1481917573 95.9009
1481917575 101.055
1481917577 89.9574
1481917579 98.5249
1481917581 95.8495
1481917583 92.1636
1481917585 88.7369
1481917587 95.8082
1481917589 102.322
1481917592 96.67
1481917594 99.4395
1481917596 95.0381
1481917598 90.1276
1481917600 93.1664
1481917602 95.7203
1481917604 97.5916
1481917606 97.0622
1481917608 97.203
1481917610 98.2076
1481917612 96.8691
1481917614 95.0645
1481917616 97.7473
1481917618 97.8019
1481917621 93.2411
1481917623 96.0206
1481917625 101.64
1481917627 97.703
1481917629 95.2263
1481917631 98.1269
1481917633 97.8674
1481917635 92.6658
1481917637 101.789
1481917639 100.853
1481917641 98.2324
1481917643 91.7646
1481917645 96.7087
1481917647 97.3178
1481917649 94.6496
1481917652 97.4905
1481917654 98.4862
1481917656 99.8174
1481917658 90.4776
1481917660 89.875
1481917662 91.5773
1481917664 98.3136
1481917666 97.6076
1481917668 94.5451
1481917670 99.2963
1481917672 101.712
1481917674 98.0175
1481917676 95.396
1481917678 100.965
1481917680 101.373
1481917683 98.6354
1481917685 100.731
1481917687 98.8636
1481917689 99.3106
1481917691 100.919
1481917693 99.616
1481917695 94.3864
1481917697 96.4843
1481917699 99.4078
