1481908425 102.641
1481908427 97.2952
1481908429 89.9714
1481908431 86.5116
1481908433 88.7043
1481908436 90.3727
1481908438 87.6799
1481908440 90.9368
1481908442 86.9408
1481908444 92.7632
1481908446 91.1827
1481908448 90.0806
1481908450 92.4488
1481908452 84.8099
1481908454 85.4311
1481908456 93.1499
1481908458 97.2709
1481908460 91.955
1481908462 89.2478
1481908464 87.5016
1481908467 91.6111
1481908469 89.7138
1481908471 92.7261
1481908473 92.0603
1481908475 96.9287
1481908477 53.3205
1481908479 49.6938
1481908481 56.3792
1481908483 50.4929
1481908485 72.7974
1481908487 75.1832
1481908489 101.938
1481908491 92.6228
1481908493 94.2993
1481908496 92.9546
1481908498 87.7368
1481908500 87.5463
1481908502 91.5012
1481908504 92.5909
1481908506 93.5846
1481908508 91.7225
1481908510 95.1217
1481908512 90.7035
1481908514 100.33
1481908516 86.3558
1481908518 101.621
