1481915315.41 0.81080294
1481915321.2 0.85150772
1481915328.71 0.52075595
1481915335.66 0.83667773
1481915341.93 0.76784563
1481915349.59 0.86863345
1481915356.37 0.81951892
1481915364.18 0.66125923
1481915372.05 0.69466066
1481915378.1 0.7011342
1481915385.23 0.72742277
1481915391.19 0.94598716
1481915399.97 0.46642554
1481915405.89 0.77402288
1481915411.72 0.76149243
1481915418.3 0.86154592
1481915425.82 0.61
1481915439.6 0.61
1481915446.53 0.6858657
1481915453.1 0.82170665
1481915460.49 0.75835431
