1481915308 91.8575
1481915310 83.8024
1481915313 92.1128
1481915315 93.4911
1481915317 93.5422
1481915319 90.7921
1481915321 90.1343
1481915323 87.7591
1481915325 61.2636
1481915327 86.961
1481915329 82.6937
1481915331 80.8627
1481915333 81.2547
1481915335 82.6908
1481915337 82.6951
1481915339 81.0403
1481915342 83.3505
1481915344 84.2612
1481915346 82.0733
1481915348 81.6209
1481915350 82.0029
1481915352 81.936
1481915354 83.6745
1481915356 82.0439
1481915358 82.4149
1481915360 83.9958
1481915362 82.0063
1481915364 84.0426
1481915366 57.497
1481915368 60.8514
1481915371 83.5576
1481915373 80.3858
1481915375 81.8968
1481915377 76.1137
1481915379 58.3733
1481915381 81.1354
1481915383 80.5194
1481915385 80.3912
1481915387 80.0455
1481915389 84.3363
1481915391 84.5316
1481915393 52.6166
1481915395 94.3414
1481915397 79.7132
1481915399 83.5842
1481915402 81.1376
1481915404 81.685
1481915406 82.6966
1481915408 82.5958
1481915410 82.271
1481915412 81.7615
1481915414 81.1625
1481915416 81.6793
1481915418 83.1916
1481915420 81.8865
1481915422 80.6379
1481915424 80.7356
1481915426 80.1971
1481915428 78.7746
1481915431 78.5743
1481915433 79.643
1481915435 81.2385
1481915437 84.1056
1481915439 84.5435
1481915441 82.41
1481915443 84.6653
1481915445 81.8849
1481915447 85.8929
1481915449 84.6148
1481915451 83.9713
