1481911326.74 0.93112195
1481911332.7 0.85546952
1481911339.62 0.8105464
1481911346.84 0.94110554
1481911355.32 0.80387408
1481911360.9 0.85255462
1481911367.91 0.72477549
1481911373.56 0.83394223
1481911379.65 0.74642992
1481911386.49 0.76427281
1481911392.47 0.90567207
1481911398.26 0.61
1481911406.04 0.74080443
1481911413.56 0.91760057
1481911419.24 0.97300076
1481911425.21 0.68890381
1481911431.0 0.61
1481911437.12 0.7377609
1481911443.27 0.93754029
1481911450.81 0.56989038
1481911456.76 0.68488258
1481911462.57 0.97034091
1481911468.35 0.8449958
1481911480.11 0.34371069
