1481911323 78.5408
1481911325 75.0864
1481911327 78.8294
1481911329 77.6671
1481911331 77.5854
1481911333 82.6791
1481911335 78.3912
1481911337 77.9342
1481911339 80.0243
1481911341 81.4471
1481911343 75.9601
1481911345 77.562
1481911348 77.8212
1481911350 81.0019
1481911352 82.2361
1481911354 88.938
1481911356 90.6197
1481911358 79.9892
1481911360 81.9031
1481911362 81.1486
1481911364 80.8067
1481911366 82.332
1481911368 88.146
1481911370 68.9149
1481911372 74.3172
1481911374 74.7082
1481911377 71.548
1481911379 72.5754
1481911381 74.9215
1481911383 86.8629
1481911385 85.3911
1481911387 90.2798
1481911389 89.6047
1481911391 87.5947
1481911393 86.0086
1481911395 88.5408
1481911397 63.7883
1481911399 79.009
1481911401 82.3075
1481911403 78.6114
1481911405 83.6812
1481911408 82.0676
1481911410 87.0036
1481911412 84.5311
1481911414 83.6827
1481911416 82.7739
1481911418 82.9016
1481911420 82.7981
1481911422 81.87
1481911424 81.8175
1481911426 82.8688
1481911428 86.7845
1481911430 59.2734
1481911432 87.2797
1481911434 56.4899
1481911437 68.9678
1481911439 83.4916
1481911441 37.2373
1481911443 82.5426
1481911445 80.4587
1481911447 82.4969
1481911449 82.8865
1481911451 84.7749
1481911453 90.1201
1481911455 87.1328
1481911457 89.8101
1481911459 88.0969
1481911461 83.6104
1481911463 84.0832
1481911465 84.4189
1481911468 85.8648
1481911470 85.1918
1481911472 85.0795
1481911474 89.0421
1481911476 87.8642
