1481644889.36 3787
1481644895.63 3418
1481644902.1 3936
1481644907.77 3084
1481644913.35 3710
1481644920.07 1928
1481644925.82 3721
1481644931.14 3754
1481644937.63 2907
1481644943.67 2598
1481644949.21 0
1481644955.05 0
1481644960.48 1347
1481644965.82 2379
1481644971.46 2630
1481644976.99 2717
1481644982.21 896
1481644987.64 4246
1481644992.97 1307
1481645001.01 1872
1481645008.95 2058
1481645014.69 0
1481645020.75 3063
1481645026.19 4162
1481645031.87 0
1481645036.96 2785
1481645042.17 0
1481645047.49 0
1481645052.82 3351
1481645058.57 3404
1481645063.89 3330
1481645070.26 761
