1481557225.31 0.9724983
1481557231.47 0.77051318
1481557238.16 0
1481557243.48 0
1481557249.44 0
1481557254.66 0
1481557260.18 0
1481557266.15 0.96876711
1481557272.0 0.95592266
1481557278.05 0.84956378
1481557283.98 0.71767771
1481557289.86 0.97066355
1481557295.71 0.73627579
1481557301.56 0
1481557307.83 0.7265746
1481557315.21 0.56870669
1481557320.88 0.82494169
1481557326.83 0.80903429
1481557333.52 0.73513097
1481557339.89 0.63351446
1481557345.74 0.83363032
1481557351.36 0.95812142
1481557356.81 0.89989311
1481557362.97 0
1481557369.72 0.67043227
1481557375.72 0.86472732
1481557381.25 0
1481557387.42 0
1481557394.72 0.62168777
1481557399.63 0
1481557405.25 0.89770603
1481557411.23 0
1481557416.45 0.96528971
1481557422.2 0.69153905
1481557427.84 0.68700093
1481557433.58 0.81923902
1481557439.58 0.78935277
1481557446.01 0
1481557451.76 0
1481557456.98 0
1481557463.34 0.78961664
1481557468.99 0.74880791
1481557475.78 0.75770038
1481557482.25 0.72429508
1481557488.0 0.89723396
1481557494.16 0.69392514
1481557499.8 0.83039492
1481557505.34 0.78237307
1481557512.23 0.75265622
1481557519.44 0
1481557525.39 0.91548502
1481557532.6 0.5377683
1481557538.34 0.91755843
1481557543.99 0.89632744
1481557551.09 0.74283838
