1481726880.63 0.92015767
1481726886.58 0.85322124
1481726893.89 0.67505443
1481726901.31 0.6
1481726908.31 0.7420193
1481726914.47 0.81734341
1481726921.47 0.78590572
1481726928.05 0.95240021
1481726934.84 0.78815293
1481726941.0 0.7675544
1481726946.74 0.87280142
1481726954.68 0.93307096
1481726961.47 0.79141563
1481726968.16 0.85232615
1481726973.8 0.91183203
1481726980.48 0.69487602
1481726986.43 0.80953658
1481726992.6 0.90011281
1481726998.86 0.7750653
1481727004.57 0.77766782
1481727011.08 0.80391639
1481727017.35 0.71921438
1481727021.94 0
