1481641685 82.3742
1481641687 75.7623
1481641689 82.557
1481641691 78.2129
1481641693 77.9471
1481641695 78.0171
1481641697 78.1252
1481641699 78.804
1481641701 76.1149
1481641703 78.2716
1481641705 77.0756
1481641707 79.5293
1481641709 77.6658
1481641711 77.9536
1481641713 73.3537
1481641715 75.652
1481641717 78.4451
1481641719 76.8301
1481641721 80.3899
1481641723 78.8784
1481641725 81.7836
1481641727 80.3146
1481641729 79.723
1481641731 78.4174
1481641733 80.6197
1481641735 80.0936
1481641737 78.784
1481641739 82.375
1481641741 79.4514
1481641743 81.4391
1481641745 77.6438
1481641747 80.8498
1481641749 80.4409
1481641751 76.5363
1481641753 75.5868
1481641755 77.3195
1481641757 81.9525
1481641759 80.5654
1481641761 78.9296
1481641763 77.7964
1481641765 79.1578
1481641767 82.0258
1481641769 77.7664
1481641771 77.7298
1481641773 79.534
1481641775 79.2072
1481641777 79.4321
1481641779 79.4625
1481641781 77.8298
1481641783 77.0768
1481641785 79.8236
1481641787 77.2713
1481641789 81.5999
1481641791 78.5845
1481641793 77.5447
1481641795 79.8354
1481641797 77.7842
1481641799 76.5845
1481641801 78.8546
1481641803 76.7487
1481641805 78.1654
1481641807 79.9057
1481641809 79.4976
1481641811 78.9414
1481641813 78.672
1481641815 74.6706
1481641817 77.0577
1481641819 76.6617
1481641821 77.9374
1481641823 75.4251
1481641825 75.1346
1481641827 78.2447
1481641829 77.9934
1481641831 78.0255
1481641833 76.7988
1481641835 76.7045
1481641837 78.9294
1481641839 79.1774
1481641841 79.7889
1481641843 76.4221
1481641845 83.0602
1481641847 78.6623
1481641849 78.0138
1481641851 77.9724
1481641853 76.325
1481641855 81.46
1481641857 78.9167
1481641859 79.9415
1481641861 79.2988
1481641863 77.5312
1481641865 80.2272
1481641867 77.8994
1481641869 80.7955
1481641871 80.4899
1481641873 81.7539
