1481908979 90.4519
1481908981 89.0446
1481908983 86.6381
1481908986 92.4288
1481908988 93.9708
1481908990 81.1842
1481908992 104.4
1481908994 93.945
1481908996 95.4054
1481908998 82.8131
1481909000 87.923
1481909002 96.0676
1481909004 89.3509
1481909006 87.2294
1481909008 98.5322
1481909010 85.4588
1481909012 79.1233
1481909014 94.7531
1481909017 100.282
1481909019 92.3574
1481909021 81.842
1481909023 88.5291
1481909025 82.2194
1481909027 91.4399
1481909029 89.4915
1481909031 84.733
1481909033 80.5999
1481909035 87.5052
1481909037 104.346
1481909039 99.4836
1481909041 75.6338
1481909043 93.621
1481909046 80.5885
1481909048 92.0011
1481909050 91.5677
1481909052 89.0148
1481909054 80.6264
1481909056 101.647
1481909058 100.749
1481909060 98.1604
1481909062 92.6152
1481909064 87.6251
1481909066 88.0099
1481909068 108.082
1481909070 94.143
1481909072 97.453
1481909074 90.0169
1481909077 90.4107
1481909079 92.0337
1481909081 89.2503
1481909083 90.0481
1481909085 78.236
1481909087 91.9484
1481909089 89.9209
1481909091 92.6546
1481909093 94.4706
1481909095 95.8594
1481909097 80.7068
1481909099 102.738
1481909101 93.2308
1481909103 86.619
1481909105 94.5437
1481909108 86.4002
1481909110 90.2925
1481909112 101.13
1481909114 94.115
