1481916599 101.809
1481916601 94.5101
1481916603 80.0335
1481916605 87.6843
1481916607 75.9628
1481916609 77.4395
1481916611 85.4337
1481916613 91.7765
1481916615 88.3383
1481916617 90.1273
1481916619 89.814
1481916622 85.0224
1481916624 86.9829
1481916626 88.5505
1481916628 90.2884
1481916630 84.3306
1481916632 88.6083
1481916634 87.2963
1481916636 94.3817
1481916638 91.7133
1481916640 91.7295
1481916642 90.1437
1481916644 85.6203
1481916646 88.1085
1481916648 90.2557
1481916651 82.6634
1481916653 89.0502
1481916655 89.3608
1481916657 94.8877
1481916659 87.6563
1481916661 88.6524
1481916663 90.5529
1481916665 89.4929
1481916667 86.1123
1481916669 88.9207
1481916671 83.6263
1481916673 89.8727
1481916675 84.1606
1481916677 94.3024
1481916679 89.6718
1481916682 88.6719
1481916684 90.9305
1481916686 85.3971
1481916688 91.1951
1481916690 88.4354
1481916692 81.0456
1481916694 89.1035
1481916696 97.3988
1481916698 92.8109
1481916700 95.8054
1481916702 90.9663
1481916704 88.9433
1481916706 99.2634
1481916708 94.0675
1481916711 85.0772
1481916713 71.2736
1481916715 93.5315
1481916717 89.8106
1481916719 90.729
1481916721 88.494
1481916723 84.5429
1481916725 93.4749
