1481729246 96.3755
1481729248 86.4883
1481729250 77.4179
1481729253 75.7122
1481729255 78.2634
1481729257 76.3686
1481729259 76.0794
1481729261 77.8481
1481729263 77.9685
1481729265 76.4359
1481729267 79.1811
1481729269 78.5706
1481729271 77.1326
1481729273 80.5432
1481729275 78.1526
1481729277 79.3053
1481729279 79.4989
1481729281 79.77
1481729284 77.4072
1481729286 76.5778
1481729288 77.5854
1481729290 77.778
1481729292 78.8824
1481729294 79.2826
1481729296 79.0203
1481729298 80.4612
1481729300 80.7912
1481729302 83.1585
1481729304 80.6471
1481729306 80.2493
1481729308 81.637
1481729310 84.5767
1481729313 80.1499
1481729315 80.6472
1481729317 79.2518
1481729319 81.532
1481729321 83.4537
1481729323 82.8849
1481729325 82.2881
1481729327 78.4217
1481729329 83.2138
1481729331 82.2684
1481729333 80.6962
1481729335 79.2739
1481729337 82.6179
1481729339 82.4502
1481729341 83.1223
1481729344 83.8825
1481729346 83.3084
1481729348 83.7013
1481729350 83.5583
1481729352 82.2629
1481729354 82.0811
1481729356 82.6377
1481729358 85.4905
1481729360 81.1303
1481729362 82.6092
1481729364 84.0349
1481729366 88.5748
1481729368 85.836
1481729370 84.3203
1481729373 85.2932
1481729375 84.5161
1481729377 85.5677
1481729379 83.0717
1481729381 82.4399
1481729383 84.5484
1481729385 82.6138
1481729387 81.0321
1481729389 83.2741
1481729391 81.2796
1481729393 81.1462
1481729395 82.0498
1481729397 82.4011
1481729399 84.1824
1481729402 81.4455
1481729404 81.7547
1481729406 87.9398
1481729408 85.3358
1481729410 82.5546
1481729412 82.5398
1481729414 82.0255
1481729416 82.377
1481729418 84.1904
1481729420 86.9327
1481729422 81.0567
1481729424 82.8795
1481729426 81.7463
1481729428 82.3477
1481729430 84.9955
1481729433 86.5984
1481729435 84.4579
1481729437 84.3232
1481729439 87.5457
1481729441 83.7106
1481729443 82.2621
1481729445 83.326
1481729447 84.0638
1481729449 88.0581
