1481729251.18 30
1481729257.03 165
1481729262.99 140
1481729268.67 90
1481729274.27 135
1481729280.12 150
1481729285.76 140
1481729291.29 150
1481729297.25 90
1481729302.98 135
1481729308.94 120
1481729314.79 140
1481729320.75 140
1481729326.71 140
1481729332.55 120
1481729338.71 150
1481729345.6 120
1481729351.66 165
1481729357.62 140
1481729363.49 140
1481729369.56 165
1481729375.37 140
1481729381.74 140
1481729387.61 150
1481729393.65 150
1481729399.6 140
1481729405.45 195
1481729411.41 150
1481729417.15 150
1481729422.58 140
1481729428.22 150
1481729433.87 140
1481729440.55 140
1481729446.43 120
1481729452.35 165
