1481729251.18 1608
1481729257.03 2408
1481729262.99 1952
1481729268.67 2263
1481729274.27 2345
1481729280.12 2030
1481729285.76 1904
1481729291.29 2078
1481729297.25 2143
1481729302.98 2308
1481729308.94 1892
1481729314.79 1711
1481729320.75 2626
1481729326.71 2018
1481729332.55 2063
1481729338.71 2237
1481729345.6 2038
1481729351.66 2590
1481729357.62 3147
1481729363.49 2089
1481729369.56 2720
1481729375.37 2362
1481729381.74 2571
1481729387.61 2334
1481729393.65 2776
1481729399.6 2401
1481729405.45 2577
1481729411.41 2135
1481729417.15 2351
1481729422.58 2582
1481729428.22 1971
1481729433.87 2852
1481729440.55 3385
1481729446.43 2242
1481729452.35 2185
