1481557718 23.1194
1481557720 107.216
1481557722 81.4972
1481557724 82.6959
1481557726 84.335
1481557728 82.1091
1481557730 83.339
1481557732 81.3937
1481557734 80.294
1481557736 81.0543
1481557738 82.9012
1481557740 81.4135
1481557742 84.7062
1481557744 83.3904
1481557746 83.9194
1481557748 82.9062
1481557750 83.4223
1481557752 85.879
1481557754 81.9642
1481557756 81.4755
1481557758 84.8637
1481557760 84.4998
1481557762 84.6364
1481557764 84.2314
1481557766 85.9138
1481557768 82.0454
1481557770 85.56
1481557772 81.6529
1481557774 84.5121
1481557776 83.4685
1481557778 82.035
1481557780 81.6566
1481557782 84.9155
1481557784 84.2073
1481557786 83.055
1481557788 81.9249
1481557790 85.8257
1481557792 86.3569
1481557794 84.0263
1481557796 85.1928
1481557798 83.4461
1481557800 83.3983
1481557802 83.8224
1481557804 85.6643
1481557806 82.1286
1481557808 83.0774
1481557810 86.144
1481557812 82.2311
1481557814 87.0904
1481557816 85.1226
1481557818 83.7837
1481557820 84.7457
1481557822 84.0936
1481557824 84.4062
1481557826 85.1801
1481557828 85.4771
1481557830 81.2043
1481557832 88.0152
1481557834 83.5614
1481557836 89.6298
1481557838 88.403
1481557840 91.3141
