1481644148.61 0.69867057
1481644155.71 0.52071089
1481644162.08 0.8033489
1481644167.62 0.81915116
1481644173.78 0.80184239
1481644179.28 0.8571949
1481644185.27 0.89635801
1481644191.02 0.87708157
1481644197.07 0.79778773
1481644202.82 0.87639672
1481644208.45 0.68602532
1481644214.48 0.56602579
1481644221.3 0
1481644226.94 0.95692778
1481644233.11 0
1481644238.86 0
1481644246.17 0.6938287
1481644252.33 0.93356758
1481644258.38 0.66576695
1481644264.13 0.9094522
1481644269.87 0.95748866
1481644276.35 0.74705112
1481644282.51 0
1481644288.88 0.87328351
1481644297.14 0.94107181
1481644302.99 0.90412664
1481644308.63 0.9319672
1481644317.09 0.79945332
1481644323.56 0.8154996
1481644329.88 0.66973805
1481644335.67 0.83921731
1481644342.33 0.86376697
1481644347.45 0
