1481644140 82.0662
1481644142 78.1322
1481644144 72.3425
1481644146 71.5145
1481644148 74.2476
1481644150 68.2653
1481644152 66.7386
1481644154 68.1525
1481644156 67.0585
1481644158 68.0185
1481644160 67.9973
1481644162 73.6991
1481644164 70.725
1481644166 67.1881
1481644168 71.2116
1481644170 69.762
1481644172 69.9443
1481644174 70.2729
1481644176 70.9294
1481644178 69.238
1481644180 67.7067
1481644182 69.758
1481644184 74.3459
1481644186 73.9765
1481644188 71.6874
1481644190 71.036
1481644192 69.1642
1481644194 71.3392
1481644196 68.0301
1481644198 69.4755
1481644200 70.6947
1481644202 70.0432
1481644204 71.3252
1481644206 71.9236
1481644208 73.718
1481644210 72.4267
1481644212 74.2813
1481644214 70.9279
1481644216 71.3251
1481644218 67.5117
1481644220 69.5999
1481644222 71.4283
1481644224 70.2938
1481644226 71.8087
1481644228 73.0778
1481644230 71.2035
1481644232 69.1975
1481644234 68.1555
1481644236 69.8154
1481644238 66.3921
1481644240 70.0977
1481644242 67.0386
1481644244 68.2131
1481644246 67.8861
1481644248 68.754
1481644250 68.5602
1481644252 67.674
1481644254 72.6105
1481644256 67.8074
1481644258 71.0089
1481644260 69.4669
1481644262 69.3249
1481644264 69.8212
1481644266 70.2632
1481644268 69.3573
1481644270 70.9592
1481644272 70.0942
1481644274 75.5552
1481644276 72.4703
1481644278 71.275
1481644280 68.3403
1481644282 69.2508
1481644284 69.3354
1481644286 70.355
1481644288 68.2934
1481644290 70.5915
1481644292 68.9035
1481644294 68.0849
1481644296 68.6021
1481644299 71.3959
1481644300 73.1829
1481644302 69.9524
1481644304 73.9484
1481644306 76.1203
1481644308 74.0637
1481644310 70.9734
1481644313 72.2902
1481644315 73.1252
1481644317 72.8476
1481644319 74.1239
1481644321 72.5916
1481644323 74.2706
1481644325 72.3625
1481644327 73.5557
1481644329 73.1868
1481644331 72.4202
1481644333 72.2175
1481644335 73.1544
1481644337 72.2119
1481644339 75.1085
1481644341 96.506
1481644343 85.3606
