1481644148.61 3520
1481644155.71 3982
1481644162.08 2991
1481644167.62 2665
1481644173.78 2496
1481644179.28 2896
1481644185.27 3093
1481644191.02 3672
1481644197.07 3308
1481644202.82 2946
1481644208.45 4929
1481644214.48 3842
1481644221.3 0
1481644226.94 4266
1481644233.11 0
1481644238.86 0
1481644246.17 3425
1481644252.33 5179
1481644258.38 3672
1481644264.13 3654
1481644269.87 2684
1481644276.35 2291
1481644282.51 0
1481644288.88 3011
1481644297.14 3803
1481644302.99 3426
1481644308.63 3482
1481644317.09 4077
1481644323.56 4580
1481644329.88 4242
1481644335.67 3330
1481644342.33 2668
1481644347.45 0
