1481643552 91.4273
1481643554 94.4573
1481643556 92.9581
1481643558 88.8401
1481643560 93.3473
1481643562 91.8965
1481643564 89.1776
1481643566 94.5985
1481643568 91.0521
1481643570 89.5841
1481643572 88.9762
1481643574 90.8348
1481643576 89.7502
1481643578 92.7345
1481643580 89.4611
1481643582 88.494
1481643584 89.1617
1481643586 91.1601
1481643588 90.9632
1481643590 91.3777
1481643592 89.6531
1481643594 95.5217
1481643596 87.8015
1481643598 88.9362
1481643600 92.3043
1481643602 88.1334
1481643604 89.7978
1481643606 89.7746
1481643608 88.8275
1481643610 90.2046
1481643612 90.0124
1481643614 90.9425
1481643616 93.2081
1481643618 90.9018
1481643620 90.2927
1481643622 88.3912
1481643624 87.9567
1481643626 89.3076
1481643628 90.2959
1481643630 90.2445
1481643632 89.3163
1481643634 88.0349
1481643636 83.0052
1481643638 87.7373
1481643640 88.2754
1481643642 89.1408
1481643644 87.5418
1481643646 85.9147
1481643648 87.1233
1481643650 89.7693
1481643652 89.1836
1481643654 91.4121
1481643656 91.2581
1481643658 88.5816
1481643660 85.2213
1481643662 86.0026
1481643664 86.1731
1481643666 87.0405
1481643668 91.1717
1481643670 92.3006
1481643672 87.534
1481643674 86.8649
1481643676 92.1734
1481643678 89.7791
1481643680 88.0026
1481643682 91.6368
1481643684 89.0377
1481643686 86.8953
1481643688 89.7796
1481643690 87.3842
1481643692 91.4573
1481643694 93.7716
1481643696 89.2776
1481643698 91.3221
1481643700 89.4029
1481643702 88.6867
1481643704 88.8666
1481643706 93.6679
1481643708 92.0445
1481643710 91.872
1481643712 89.922
1481643714 91.1833
1481643716 91.1586
1481643718 86.6549
1481643720 86.0989
1481643722 93.5571
