1481643557.53 4449
1481643563.98 6645
1481643569.96 0
1481643576.86 0
1481643583.44 0
1481643590.02 4543
1481643595.97 4819
1481643602.24 0
1481643607.78 3155
1481643613.52 5365
1481643620.52 3495
1481643626.08 4992
1481643632.01 5676
1481643638.27 7430
1481643644.23 0
1481643650.08 3555
1481643655.9 0
1481643662.2 0
1481643668.98 5100
1481643675.36 0
1481643681.41 0
1481643688.83 6592
1481643694.57 6740
1481643700.32 8171
1481643706.17 5657
1481643713.48 0
1481643720.16 6163
1481643726.64 4415
