1481628489 83.806
1481628491 76.8729
1481628493 74.6072
1481628495 75.2451
1481628497 74.4128
1481628499 73.0141
1481628501 69.7894
1481628503 69.0173
1481628505 72.1843
1481628507 70.9008
1481628509 70.453
1481628511 71.0399
1481628513 71.62
1481628515 72.1045
1481628517 71.7735
1481628519 70.9399
1481628521 70.0476
1481628523 71.585
1481628525 69.4694
1481628527 71.0864
1481628529 72.9684
1481628531 71.2594
1481628533 72.639
1481628535 73.1678
1481628537 73.6982
1481628539 70.8195
1481628541 70.313
1481628543 70.7347
1481628545 70.5561
1481628547 71.3862
1481628549 70.1068
1481628551 71.9015
1481628553 71.5091
1481628555 72.0792
1481628557 74.4897
1481628559 71.6973
1481628561 75.4412
1481628563 73.3731
1481628565 73.6676
1481628567 74.4551
1481628569 71.935
1481628571 72.8365
1481628573 73.5681
1481628575 72.5408
1481628577 73.2682
1481628579 73.9059
1481628581 70.4588
1481628583 73.6837
1481628585 71.2092
1481628587 75.0094
1481628589 73.7026
1481628591 75.2701
1481628593 74.6118
1481628595 72.1354
1481628597 74.6009
1481628599 74.2451
1481628601 74.1647
1481628603 74.8439
1481628605 72.8847
1481628607 74.6239
1481628609 72.3194
1481628611 72.6315
1481628613 72.0203
1481628615 73.9513
1481628617 73.2708
1481628619 72.27
1481628621 70.0828
1481628623 72.1949
1481628625 72.1169
1481628627 73.6356
1481628629 72.2039
1481628631 72.7174
1481628633 73.0292
1481628635 73.4377
1481628637 73.4094
1481628639 73.2112
1481628641 75.3892
1481628643 70.9974
1481628645 71.9877
1481628647 71.6494
1481628649 74.0096
1481628651 71.4552
1481628653 74.3847
1481628655 71.6912
1481628657 74.568
1481628659 70.2517
1481628661 71.8804
1481628663 73.3871
1481628665 71.7075
1481628667 70.8584
1481628669 72.3327
1481628671 72.6884
1481628673 69.7963
1481628675 77.9094
1481628677 81.9319
1481628679 90.7095
1481628681 91.3802
1481628683 75.2374
1481628685 70.8377
1481628687 68.5572
1481628689 66.0859
1481628691 80.5829
