1481626214.58 0.66254056
1481626220.96 0.67262614
1481626227.12 0
1481626233.18 0.78693938
1481626240.18 0.62927574
1481626245.71 0.93128788
1481626251.81 0.85092878
1481626257.73 0.85423142
1481626264.54 0.61688721
1481626270.47 0.83123106
1481626277.57 0.6988374
1481626283.63 0.63053066
1481626290.63 0.73085749
1481626297.02 0.83992577
1481626305.15 0.77287769
1481626311.2 0
1481626317.78 0.84055525
1481626323.42 0.8856945
1481626330.85 0.70795852
1481626337.53 0.79464209
1481626343.38 0
1481626349.85 0.57482934
1481626355.49 0.9747988
1481626361.51 0.38804597
1481626368.24 0
1481626375.23 0.63729411
1481626380.81 0.83961034
1481626385.68 0
