1481567230 102.667
1481567231 94.0042
1481567232 94.572
1481567233 80.5024
1481567234 88.4316
1481567235 58.3735
1481567236 87.4561
1481567237 105.409
1481567238 94.3266
1481567239 95.8655
1481567240 94.0044
1481567241 88.3148
1481567242 94.1958
1481567243 92.7779
1481567244 98.2781
1481567245 95.3281
1481567246 92.8982
1481567247 91.287
1481567248 92.4619
1481567249 93.4758
1481567250 93.7992
1481567251 89.2435
1481567252 91.3588
1481567253 95.584
1481567254 94.9467
1481567255 91.7007
1481567256 91.9091
1481567257 87.7358
1481567258 90.2655
1481567259 90.6455
1481567260 92.7894
1481567261 92.43
1481567262 91.1467
1481567263 91.8049
1481567264 95.0774
1481567265 92.971
1481567266 91.6294
1481567267 93.0361
1481567268 94.3681
1481567269 93.4813
1481567270 88.8256
1481567271 94.7203
1481567272 93.4509
1481567273 90.842
1481567274 92.9944
1481567275 92.9771
1481567276 93.2372
1481567277 92.3167
1481567278 97.17
1481567279 97.731
1481567280 93.7817
1481567281 92.1533
1481567282 91.6985
1481567283 92.7228
1481567284 93.8392
1481567285 89.5666
1481567286 91.9145
1481567287 91.3237
1481567288 95.3745
1481567289 95.1378
1481567290 93.4565
1481567291 90.3167
