1481626209 72.3728
1481626211 63.142
1481626213 72.4129
1481626215 77.2001
1481626217 73.3168
1481626219 69.1993
1481626221 74.6814
1481626223 69.7422
1481626225 69.2517
1481626227 70.481
1481626229 68.33
1481626231 73.0991
1481626233 71.6899
1481626235 70.1838
1481626237 68.0963
1481626239 74.6883
1481626241 72.7073
1481626243 75.7209
1481626245 75.9639
1481626247 70.931
1481626249 71.2131
1481626251 72.1668
1481626253 77.4919
1481626255 72.0697
1481626257 75.8197
1481626259 72.7558
1481626261 67.9263
1481626263 68.6419
1481626265 69.9197
1481626267 74.6853
1481626269 74.6123
1481626271 74.6523
1481626273 71.7329
1481626275 70.3138
1481626277 63.2626
1481626279 69.0837
1481626281 68.6678
1481626283 73.1841
1481626285 74.7085
1481626287 72.0158
1481626289 72.6705
1481626291 75.3775
1481626293 69.3766
1481626295 71.1229
1481626297 73.8094
1481626299 74.7462
1481626301 75.6687
1481626303 71.3499
1481626305 71.1344
1481626307 69.5502
1481626309 71.8476
1481626311 66.4364
1481626313 76.8796
1481626315 76.742
1481626317 75.6152
1481626319 72.1661
1481626321 72.6226
1481626323 71.1897
1481626325 75.1324
1481626327 70.7695
1481626329 70.5596
1481626331 75.1147
1481626333 72.3231
1481626335 69.3127
1481626337 71.0184
1481626339 70.5169
1481626341 69.1595
1481626343 71.4043
1481626345 73.465
1481626347 69.3167
1481626349 68.1729
1481626351 67.4148
1481626353 68.1599
1481626355 73.2169
1481626357 68.7937
1481626359 67.6096
1481626361 68.8738
1481626363 73.219
1481626365 72.1741
1481626367 71.8793
1481626369 67.2784
1481626371 71.9371
1481626373 70.1665
1481626375 68.5539
1481626377 66.1213
1481626379 70.1937
1481626381 71.4783
1481626383 80.5541
