1481917022 86.5493
1481917024 104.08
1481917026 99.8625
1481917028 104.69
1481917030 94.0576
1481917032 91.7095
1481917034 98.3983
1481917036 89.9195
1481917038 97.6112
1481917040 92.8436
1481917042 94.0161
1481917044 98.439
1481917046 92.8094
1481917048 98.0224
1481917051 95.9864
1481917053 96.0722
1481917055 92.6028
1481917057 92.3287
1481917059 100.69
1481917061 100.698
1481917063 97.1927
1481917065 96.4931
1481917067 92.0536
1481917069 95.786
1481917071 95.3347
1481917073 90.6316
1481917075 97.7
1481917077 99.0586
1481917080 98.0154
1481917082 94.6919
1481917084 95.6581
1481917086 94.4254
1481917088 92.8281
1481917090 95.0509
1481917092 103.01
1481917094 89.8641
1481917096 93.8291
1481917098 94.5461
1481917100 91.2121
1481917102 91.075
1481917104 83.0221
1481917106 99.8433
1481917108 98.3195
1481917111 91.4074
1481917113 92.5887
1481917115 91.5533
1481917117 89.2638
1481917119 89.0944
1481917121 97.9178
1481917123 101.409
1481917125 98.6951
1481917127 99.5696
1481917129 99.7886
1481917131 99.748
1481917133 96.1009
1481917135 98.6255
1481917137 96.4117
1481917140 98.9964
1481917142 91.051
1481917144 93.8462
1481917146 101.69
