1481910061 82.6178
1481910063 85.4951
1481910065 82.4387
1481910067 89.8707
1481910069 88.1168
1481910071 82.7531
1481910073 70.7902
1481910075 131.481
1481910077 244.144
1481910079 125.896
1481910081 134.692
1481910083 131.22
1481910086 102.336
1481910088 107.046
1481910090 113.505
1481910092 105.071
1481910094 104.556
1481910096 105.021
1481910098 106.309
1481910100 105.229
1481910102 98.105
1481910104 104.562
1481910106 79.8075
1481910108 91.9852
1481910110 68.943
1481910112 69.0903
1481910115 73.8864
1481910117 80.4758
1481910119 74.6185
1481910121 68.379
1481910123 69.4109
1481910125 66.3362
1481910127 52.5835
1481910129 108.7
1481910131 104.337
1481910133 95.0955
1481910135 73.6907
1481910137 70.7153
1481910139 68.732
1481910141 99.4075
1481910143 96.2375
1481910146 94.786
1481910148 77.3026
1481910150 100.388
1481910152 98.2861
1481910154 98.5625
1481910156 102.663
1481910158 105.194
