1481565263 82.8235
1481565265 64.2375
1481565267 68.8212
1481565269 70.2851
1481565271 61.5767
1481565273 70.4078
1481565275 71.1211
1481565277 67.3891
1481565279 64.2809
1481565281 54.9904
1481565283 55.6866
1481565285 69.9459
1481565287 63.6721
1481565289 68.5899
1481565291 70.8987
1481565293 67.3901
1481565295 69.4962
1481565297 66.883
1481565299 60.6199
1481565301 62.9742
1481565303 -73.0814
1481565305 -67.0848
1481565307 -66.2812
1481565309 68.2011
1481565311 62.9718
1481565313 72.135
1481565315 74.1119
1481565317 68.0792
1481565319 69.8788
1481565321 67.3561
1481565323 72.1283
1481565325 73.7618
1481565327 67.6569
1481565329 66.7076
1481565331 69.9807
1481565333 63.0044
1481565335 66.7209
1481565337 73.6395
1481565339 70.345
1481565341 70.8192
1481565343 -11.2546
1481565345 75.0876
1481565347 70.5812
1481565349 73.6812
1481565351 64.4859
1481565353 68.0543
1481565355 74.5578
1481565357 67.5426
1481565359 65.31
1481565361 64.5866
1481565363 65.6321
1481565365 68.4341
1481565367 72.2342
1481565369 72.2809
1481565371 74.3676
1481565373 71.3957
1481565375 66.7212
