1481561540.6 0.43338016
1481561546.66 0.92757314
1481561552.51 0.73875219
1481561558.45 0.86701894
1481561565.14 0
1481561570.68 0.84417218
1481561576.11 0.91770941
1481561583.11 0.45377091
1481561588.98 0.70274752
1481561597.1 0.67567253
1481561602.75 0.72546667
1481561609.74 0.77276278
1481561615.49 0
1481561621.19 0.66476279
1481561628.02 0.83255917
1481561634.7 0.8310228
1481561640.35 0.92837125
1481561645.78 0.93480808
1481561651.73 0.89541465
1481561657.48 0.73847699
1481561663.95 0.73100853
1481561669.28 0.95563579
1481561675.03 0.86297631
1481561681.22 0.79149598
1481561686.36 0.95551389
1481561691.64 0.89521122
1481561697.59 0
1481561703.96 0.62817937
1481561709.6 0.95813513
1481561715.14 0.77140981
