1481561534 78.1913
1481561536 82.6901
1481561538 83.9605
1481561540 87.9633
1481561542 94.9654
1481561544 83.0662
1481561546 80.8283
1481561548 82.8488
1481561550 80.9424
1481561552 81.9694
1481561554 81.159
1481561556 83.6669
1481561558 82.3991
1481561560 82.1017
1481561562 81.6608
1481561564 82.9046
1481561566 88.4332
1481561568 88.6547
1481561570 83.755
1481561572 81.2578
1481561574 79.2739
1481561576 83.7772
1481561578 87.2641
1481561580 84.2891
1481561582 84.3213
1481561584 82.9155
1481561586 83.6689
1481561588 84.0499
1481561590 81.0175
1481561592 89.6214
1481561594 85.0069
1481561596 83.471
1481561598 82.1461
1481561600 83.8086
1481561602 81.8125
1481561604 90.3513
1481561606 83.9755
1481561608 85.43
1481561610 83.8982
1481561612 81.4651
1481561614 80.3774
1481561616 83.9109
1481561618 78.9266
1481561620 85.479
1481561622 81.2084
1481561624 91.5926
1481561626 84.9783
1481561628 87.9294
1481561630 83.2025
1481561632 82.5101
1481561634 82.1743
1481561636 85.1089
1481561638 82.9759
1481561640 80.1027
1481561642 79.5398
1481561644 88.9924
1481561646 85.0129
1481561648 86.6797
1481561650 82.5716
1481561652 80.4792
1481561654 83.1328
1481561656 86.6298
1481561658 86.4591
1481561660 85.1869
1481561662 84.2007
1481561664 87.0807
1481561666 87.5994
1481561668 89.2917
1481561670 83.5861
1481561672 87.0629
1481561674 84.8564
1481561676 83.7348
1481561678 82.5624
1481561680 81.2822
1481561682 89.8126
1481561684 85.8163
1481561686 80.6697
1481561688 86.9469
1481561690 81.8256
1481561692 85.5117
1481561694 81.9631
1481561696 81.5049
1481561698 77.3274
1481561700 86.4971
1481561702 82.7228
1481561704 83.8106
1481561706 84.676
1481561708 83.2043
1481561710 79.8812
1481561712 94.1891
