1481561540.6 80
1481561546.66 120
1481561552.51 160
1481561558.45 260
1481561565.14 0
1481561570.68 200
1481561576.11 140
1481561583.11 160
1481561588.98 180
1481561597.1 140
1481561602.75 200
1481561609.74 200
1481561615.49 0
1481561621.19 220
1481561628.02 180
1481561634.7 140
1481561640.35 140
1481561645.78 180
1481561651.73 260
1481561657.48 160
1481561663.95 240
1481561669.28 220
1481561675.03 240
1481561681.22 200
1481561686.36 320
1481561691.64 200
1481561697.59 0
1481561703.96 220
1481561709.6 240
1481561715.14 100
