1481626812 72.1963
1481626814 71.4083
1481626816 69.6195
1481626818 73.7659
1481626820 74.4995
1481626822 77.3684
1481626824 70.3985
1481626826 75.6222
1481626828 72.9075
1481626830 68.4121
1481626832 73.8314
1481626834 73.7768
1481626836 75.7001
1481626838 71.117
1481626840 76.1869
1481626842 74.5111
1481626844 63.7184
1481626846 70.3306
1481626848 76.244
1481626850 72.6575
1481626852 74.398
1481626854 67.0549
1481626856 75.8306
1481626858 74.7111
1481626860 73.6733
1481626862 70.7014
1481626864 68.9115
1481626866 71.7717
1481626868 67.2205
1481626870 69.3523
1481626872 70.4
1481626874 72.4572
1481626876 72.5289
1481626878 68.6412
1481626880 72.8005
1481626882 73.6293
1481626884 73.0084
1481626886 61.4174
1481626888 67.0554
1481626890 71.5717
1481626892 71.9974
1481626894 65.4401
1481626896 65.9437
1481626898 70.825
1481626900 69.66
1481626902 68.7551
1481626904 74.5259
1481626906 73.6643
1481626908 73.4487
1481626910 68.2457
1481626912 65.9489
1481626914 75.1987
1481626916 68.1103
1481626918 72.2792
1481626920 68.5463
1481626922 66.5125
1481626924 67.6691
1481626926 74.1493
1481626928 68.5832
1481626930 68.8729
1481626932 66.5498
1481626934 67.8815
1481626936 72.1343
1481626938 66.6532
1481626940 69.432
1481626942 67.2049
1481626944 62.9269
1481626946 63.4641
1481626948 71.74
1481626950 66.6178
1481626952 68.8095
1481626954 64.8411
1481626956 62.8932
1481626958 71.0905
1481626960 72.9592
1481626962 67.8917
1481626964 71.0829
1481626966 71.4983
1481626968 71.9371
1481626970 67.1883
1481626972 65.5069
1481626974 67.2706
1481626976 70.9669
1481626978 74.7221
