1481908273 97.6106
1481908275 82.4055
1481908277 96.8846
1481908279 88.8108
1481908281 91.6049
1481908283 86.23
1481908285 88.8686
1481908287 91.7829
1481908289 88.7958
1481908291 88.5862
1481908293 84.7253
1481908296 89.2226
1481908298 86.6421
1481908300 89.5302
1481908302 90.4995
1481908304 91.2301
1481908306 76.0215
1481908308 90.5431
1481908310 84.3063
1481908312 82.9518
1481908314 83.2844
1481908316 86.5564
1481908318 90.0084
1481908320 87.5612
1481908322 88.4191
1481908325 79.5187
1481908327 86.9697
1481908329 91.8165
1481908331 79.1157
1481908333 90.5775
1481908335 89.5329
1481908337 84.903
1481908339 89.6455
1481908341 66.857
1481908343 85.2095
1481908345 87.7716
