1481736894.82 0.84640497
1481736900.77 0.73764879
1481736908.5 0.63976151
1481736915.6 0.72506082
1481736921.87 0.90087104
1481736928.97 0.70139182
1481736939.63 0.71983057
1481736946.1 0.87636691
1481736954.04 0.68826085
1481736960.52 0.56348324
1481736967.83 0.63232851
1481736976.24 0.81001085
1481736983.08 0.80072159
1481736991.22 0.91263771
1481736998.22 0.91009009
1481737004.59 0.91042227
1481737011.28 0.73438424
1481737017.43 0.63351125
1481737023.92 0.61
1481737029.87 0.79267359
1481737035.51 0.64656633
