1481736522 98.4505
1481736524 89.7852
1481736526 94.443
1481736529 85.5739
1481736531 89.1573
1481736533 85.9445
1481736535 85.8294
1481736537 78.4024
1481736539 87.865
1481736541 94.865
1481736543 89.0489
1481736545 91.6754
1481736547 87.1234
1481736549 93.3118
1481736551 89.303
1481736553 87.5852
1481736555 87.5609
1481736558 92.8078
1481736560 87.8297
1481736562 85.2572
1481736564 85.0943
1481736566 91.5075
1481736568 90.0156
1481736570 85.5675
1481736572 92.652
1481736574 83.656
1481736576 82.3565
1481736578 92.8608
1481736580 88.8634
1481736582 87.5434
1481736584 93.9272
1481736587 87.7296
1481736589 92.7038
1481736591 87.1862
1481736593 86.8019
1481736595 87.8339
1481736597 89.3101
1481736599 92.655
1481736601 92.3266
1481736603 87.7305
1481736605 93.5198
1481736607 88.8022
1481736609 92.5461
1481736611 81.6625
1481736613 81.7507
1481736615 82.6302
1481736618 91.7053
1481736620 93.2487
1481736622 95.1703
1481736624 92.7612
1481736626 88.835
1481736628 89.6871
1481736630 91.3743
1481736632 96.5517
1481736634 90.5526
1481736636 88.3902
1481736638 93.567
1481736640 95.2388
1481736642 97.2508
1481736644 93.4109
1481736646 97.8162
1481736649 96.5074
1481736651 97.6351
1481736653 97.5717
1481736655 96.8456
1481736657 90.2016
1481736659 89.6586
1481736661 98.1432
1481736663 95.6994
1481736665 93.4496
1481736667 95.0033
1481736669 98.9534
