1481905705.27 0.61
1481905712.1 0.81799912
1481905718.7 0.71835333
1481905724.61 0.77585673
1481905731.08 0.8297264
1481905736.99 0.91084164
1481905742.89 0.92761576
1481905748.84 0.61
1481905754.48 0.96492386
1481905761.73 0.8199994
1481905767.51 0.93285561
1481905774.8 0.88039488
1481905781.52 0.56762409
1481905787.97 0.7176466
1481905794.14 0.83357143
1481905800.14 0.83772105
1481905806.59 0.91043288
1481905813.61 0.77460229
1481905819.96 0.94356549
1481905826.98 0.69454336
1481905835.33 0.71802419
1481905841.13 0.88406527
1481905847.81 0.61
1481905854.4 0.73469752
1481905860.07 0.94291937
1481905866.58 0.92549652
1481905873.35 0.75585467
1481905879.2 0.91370529
1481905885.23 0.84187305
1481905891.34 0.83730483
