1481905700 76.0028
1481905702 77.4427
1481905704 81.2015
1481905707 60.0645
1481905709 67.7659
1481905711 70.0625
1481905713 75.4841
1481905715 75.3192
1481905717 73.4523
1481905719 73.3485
1481905721 74.2285
1481905723 76.5184
1481905725 75.9785
1481905727 75.3432
1481905729 76.8144
1481905731 79.7753
1481905733 78.1659
1481905735 69.2916
1481905738 82.4648
1481905740 81.8307
1481905742 85.3109
1481905744 75.9907
1481905746 84.9569
1481905748 78.0449
1481905750 81.2912
1481905752 83.956
1481905754 74.5946
1481905756 74.2564
1481905758 73.6246
1481905760 77.2702
1481905762 56.4463
1481905764 54.278
1481905767 58.9134
1481905769 62.4523
1481905771 61.1693
1481905773 61.2333
1481905775 77.5372
1481905777 53.5676
1481905779 101.159
1481905781 95.8799
1481905783 92.8433
1481905785 85.6712
1481905787 83.7316
1481905789 83.2611
1481905791 81.538
1481905793 82.7275
1481905795 80.8274
1481905798 87.0355
1481905800 82.8302
1481905802 81.0273
1481905804 81.0241
1481905806 82.3699
1481905808 88.2028
1481905810 89.1215
1481905812 84.6966
1481905814 82.738
1481905816 80.7755
1481905818 84.3645
1481905820 84.3852
1481905822 82.7864
1481905824 86.403
1481905827 80.2185
1481905829 82.3843
1481905831 80.9833
1481905833 88.0816
1481905835 61.2524
1481905837 64.8578
1481905839 81.5087
1481905841 78.6314
1481905843 80.7925
1481905845 79.4901
1481905847 75.4633
1481905849 78.2482
1481905851 81.9106
1481905853 86.9937
1481905855 84.8312
1481905858 79.1102
1481905860 86.6339
1481905862 62.9278
1481905864 62.4705
1481905866 56.9462
1481905868 56.3344
1481905870 74.0801
1481905872 98.4285
1481905874 94.5495
1481905876 89.553
1481905878 89.7831
1481905880 95.5428
1481905882 59.195
1481905884 97.3731
1481905887 86.2721
1481905889 68.6001
