1481905705.27 140
1481905712.1 195
1481905718.7 90
1481905724.61 165
1481905731.08 90
1481905737.0 105
1481905742.89 150
1481905748.84 140
1481905754.48 120
1481905761.73 135
1481905767.51 105
1481905774.8 165
1481905781.52 120
1481905787.97 105
1481905794.14 105
1481905800.14 45
1481905806.59 120
1481905813.61 165
1481905819.96 135
1481905826.98 180
1481905835.33 120
1481905841.13 195
1481905847.81 140
1481905854.4 165
1481905860.07 120
1481905866.58 105
1481905873.35 90
1481905879.2 90
1481905885.23 105
1481905891.34 60
