1481905705.27 1264
1481905712.1 2631
1481905718.7 2006
1481905724.61 2412
1481905731.08 6172
1481905737.0 6351
1481905742.89 2569
1481905748.84 3015
1481905754.48 2049
1481905761.73 3541
1481905767.51 3262
1481905774.8 3149
1481905781.52 1450
1481905787.97 2920
1481905794.14 3157
1481905800.14 751
1481905806.59 2147
1481905813.61 2227
1481905819.96 3411
1481905826.98 2289
1481905835.33 3698
1481905841.13 1999
1481905847.81 2094
1481905854.4 1102
1481905860.07 2354
1481905866.58 1313
1481905873.35 2147
1481905879.2 3517
1481905885.23 3336
1481905891.34 2648
