1481910214 101.708
1481910216 94.2709
1481910218 101.162
1481910220 95.8451
1481910222 101.503
1481910225 102.771
1481910227 104.047
1481910229 104.764
1481910231 104.874
1481910233 104.696
1481910235 103.748
1481910237 105.422
1481910239 103.883
1481910241 102.193
1481910243 103.351
1481910245 106.68
1481910247 103.533
1481910249 105.435
1481910251 63.6397
1481910253 65.1247
1481910256 61.8001
1481910258 62.3682
1481910260 59.6343
1481910262 69.8062
1481910264 70.265
1481910266 84.6951
1481910268 91.1771
1481910270 90.0101
1481910272 91.1554
1481910274 86.4087
