1481557225.31 80
1481557231.47 220
1481557238.16 0
1481557243.48 0
1481557249.44 0
1481557254.66 0
1481557260.18 0
1481557266.15 80
1481557272.0 180
1481557278.05 160
1481557283.98 160
1481557289.86 100
1481557295.71 80
1481557301.56 0
1481557307.83 140
1481557315.21 200
1481557320.88 120
1481557326.83 120
1481557333.52 180
1481557339.89 60
1481557345.74 180
1481557351.36 100
1481557356.81 100
1481557362.97 0
1481557369.72 40
1481557375.72 260
1481557381.25 0
1481557387.42 0
1481557394.72 180
1481557399.63 0
1481557405.25 120
1481557411.23 0
1481557416.45 100
1481557422.2 160
1481557427.84 180
1481557433.58 180
1481557439.58 140
1481557446.01 0
1481557451.76 0
1481557456.98 0
1481557463.34 240
1481557468.99 100
1481557475.78 240
1481557482.25 160
1481557488.0 180
1481557494.16 260
1481557499.8 100
1481557505.34 140
1481557512.23 200
1481557519.44 0
1481557525.39 220
1481557532.6 220
1481557538.34 180
1481557543.99 240
1481557551.09 100
