1481911035.71 0.97516024
1481911043.48 0.90350878
1481911049.47 0.91865295
1481911055.25 0.92193794
1481911061.06 0.90071815
1481911067.1 0.95751727
1481911072.8 0.61
1481911079.49 0.70798779
1481911086.28 0.85491246
1481911092.11 0.95540112
1481911097.95 0.84239864
1481911104.15 0.95815086
1481911111.83 0.68694609
1481911117.68 0.97182071
1481911123.6 0.88089883
1481911130.06 0.61
1481911136.62 0.88706636
1481911142.68 0.57630271
1481911148.69 0.75122613
1481911154.31 0.89948583
1481911160.49 0.95126623
1481911166.39 0.9082098
1481911172.18 0.97495079
1481911177.82 0.9271794
1481911183.96 0.81711543
1481911190.01 0.94373792
1481911197.13 0.80855525
1481911202.79 0.95871735
1481911208.22 0.90350878
