1481911029 91.5748
1481911032 83.3973
1481911034 78.809
1481911036 77.0529
1481911038 78.3564
1481911040 79.7256
1481911042 79.4043
1481911044 72.5293
1481911046 74.5931
1481911048 77.1
1481911050 77.1369
1481911052 76.5273
1481911054 77.4729
1481911056 78.4367
1481911058 79.6643
1481911061 77.7656
1481911063 79.3445
1481911065 78.4833
1481911067 77.3097
1481911069 77.0975
1481911071 75.8739
1481911073 76.5087
1481911075 77.2983
1481911077 78.3755
1481911079 59.5629
1481911081 67.0088
1481911083 70.3696
1481911085 71.2127
1481911087 71.4958
1481911089 71.9002
1481911092 74.1438
1481911094 75.2046
1481911096 72.8707
1481911098 73.2385
1481911100 74.6091
1481911102 75.6891
1481911104 77.0768
1481911106 75.2034
1481911108 75.6338
1481911110 75.6674
1481911112 71.9894
1481911114 83.2806
1481911116 81.6103
1481911118 80.3578
1481911121 79.1429
1481911123 82.4028
1481911125 87.1947
1481911127 81.3585
1481911129 73.6893
1481911131 76.3728
1481911133 76.9943
1481911135 76.9862
1481911137 78.0844
1481911139 76.8383
1481911141 77.8435
1481911143 77.2738
1481911145 76.2417
1481911147 76.7894
1481911150 77.5246
1481911152 77.8268
1481911154 67.7338
1481911156 77.4571
1481911158 76.8124
1481911160 76.4814
1481911162 77.5116
1481911164 80.0053
1481911166 68.4976
1481911168 73.6873
1481911170 73.1476
1481911172 73.6815
1481911174 76.0507
1481911176 75.0026
1481911178 75.0429
1481911181 74.0282
1481911183 74.3594
1481911185 73.5562
1481911187 75.554
1481911189 75.7665
1481911191 75.2367
1481911193 76.8926
1481911195 74.2829
1481911197 78.0927
1481911199 77.0491
1481911201 77.7252
1481911203 80.5149
