1481911035.71 75
1481911043.48 15
1481911049.47 165
1481911055.25 210
1481911061.06 90
1481911067.1 165
1481911072.8 140
1481911079.49 135
1481911086.28 75
1481911092.11 210
1481911097.95 90
1481911104.15 120
1481911111.83 120
1481911117.68 75
1481911123.6 75
1481911130.06 140
1481911136.62 180
1481911142.68 90
1481911148.69 120
1481911154.31 90
1481911160.49 90
1481911166.39 90
1481911172.18 150
1481911177.82 180
1481911183.96 210
1481911190.01 90
1481911197.13 195
1481911202.79 255
1481911208.22 15
