1481911035.71 1256
1481911043.48 870
1481911049.47 2577
1481911055.25 4075
1481911061.06 7711
1481911067.1 2455
1481911072.8 2529
1481911079.49 1735
1481911086.28 2736
1481911092.11 2197
1481911097.95 1886
1481911104.15 4191
1481911111.83 2273
1481911117.68 4040
1481911123.6 2309
1481911130.06 4034
1481911136.62 3121
1481911142.68 3872
1481911148.69 2359
1481911154.31 1720
1481911160.49 2379
1481911166.39 4873
1481911172.18 2340
1481911177.82 3486
1481911183.96 3812
1481911190.01 2361
1481911197.13 4047
1481911202.79 4068
1481911208.22 459
