1481629316.88 0
1481629322.55 220
1481629328.72 240
1481629334.77 60
1481629340.83 220
1481629346.68 240
1481629354.41 140
1481629360.68 160
1481629366.9 140
1481629372.9 0
1481629378.75 240
1481629385.65 160
1481629391.7 160
1481629398.17 200
1481629405.34 40
1481629411.54 0
1481629417.5 240
1481629423.76 0
1481629429.91 300
1481629436.3 220
1481629442.46 240
1481629449.67 100
1481629457.08 240
1481629464.23 260
1481629470.45 220
1481629477.56 240
1481629483.09 80
1481629491.62 80
1481629497.61 200
1481629504.08 80
