1481906813.43 0.84927607
1481906820.33 0.80289918
1481906827.36 0.59436363
1481906832.92 0.61
1481906838.73 0.69385129
1481906845.08 0.71962339
1481906851.78 0.78606796
1481906858.26 0.61
1481906864.44 0.81890702
1481906871.01 0.75849807
1481906877.23 0.68240541
1481906884.45 0.85932833
1481906891.55 0.75325
1481906897.86 0.84538555
1481906903.71 0.84605694
1481906909.66 0.82086819
1481906915.7 0.66357172
1481906921.93 0.86419159
1481906927.75 0.94322491
1481906934.12 0.80154812
1481906940.69 0.80307144
1481906947.56 0.82521355
1481906954.38 0.61
1481906960.33 0.76827484
1481906965.93 0.97516018
1481906972.2 0.78732997
