1481906808 92.2085
1481906810 94.0668
1481906812 92.8142
1481906814 87.3439
1481906816 88.7093
1481906818 94.0134
1481906820 88.2453
1481906822 89.5418
1481906824 95.7403
1481906826 94.7422
1481906828 94.0543
1481906830 93.2783
1481906832 93.3455
1481906834 92.9032
1481906836 91.8665
1481906839 91.3463
1481906841 92.367
1481906843 91.8877
1481906845 91.9167
1481906847 91.3824
1481906849 93.1118
1481906851 92.1752
1481906853 92.31
1481906855 92.2023
1481906857 88.5431
1481906859 90.7163
1481906861 92.0792
1481906863 91.1876
1481906865 92.3571
1481906868 93.0098
1481906870 92.2566
1481906872 91.1803
1481906874 92.7313
1481906876 90.3577
1481906878 91.6181
1481906880 91.9253
1481906882 91.7813
1481906884 90.667
1481906886 93.2344
1481906888 91.4604
1481906890 92.5195
1481906892 93.1614
1481906894 90.0814
1481906896 91.5043
1481906899 92.5744
1481906901 92.5246
1481906903 89.5359
1481906905 93.2
1481906907 92.2018
1481906909 93.8739
1481906911 93.3638
1481906913 92.9754
1481906915 92.3826
1481906917 91.0572
1481906919 90.4299
1481906921 92.9411
1481906923 90.4554
1481906925 90.5773
1481906928 91.7158
1481906930 90.9177
1481906932 92.3814
1481906934 92.859
1481906936 92.1144
1481906938 91.587
1481906940 92.0185
1481906942 91.1651
1481906944 89.8448
1481906946 91.0348
1481906948 89.3384
1481906950 91.7283
1481906952 89.9425
1481906954 90.2972
1481906956 92.0923
1481906959 91.0572
1481906961 92.1829
1481906963 91.9028
1481906965 89.4652
1481906967 90.0463
1481906969 91.166
1481906971 93.394
