1481736888 108.515
1481736890 93.0216
1481736893 96.1961
1481736895 99.8184
1481736897 101.367
1481736899 102.864
1481736901 97.9943
1481736903 100.048
1481736905 104.657
1481736907 98.6638
1481736909 99.3568
1481736911 105.59
1481736913 98.1711
1481736915 105.287
1481736917 99.4581
1481736919 101.336
1481736922 100.84
1481736924 101.713
1481736926 98.6243
1481736928 100.993
1481736930 97.743
1481736932 106.209
1481736934 109.193
1481736936 107.85
1481736938 109.343
1481736940 108.061
1481736942 110.965
1481736944 107.405
1481736946 109.409
1481736948 106.684
1481736950 108.172
1481736953 108.704
1481736955 108.3
1481736957 106.574
1481736959 104.635
1481736961 101.521
1481736963 104.834
1481736965 106.709
1481736967 101.726
1481736969 106.44
1481736971 107.779
1481736973 108.575
1481736975 110.568
1481736977 106.35
1481736979 107.157
1481736982 109.866
1481736984 107.121
1481736986 105.711
1481736988 110.401
1481736990 102.823
1481736992 108.95
1481736994 107.226
1481736996 106.514
1481736998 106.966
1481737000 106.602
1481737002 109.805
1481737004 105.781
1481737006 108.666
1481737008 106.32
1481737010 104.97
1481737013 108.103
1481737015 109.971
1481737017 109.537
1481737019 105.859
1481737021 108.541
1481737023 106.686
1481737025 105.654
1481737027 106.683
1481737029 105.197
1481737031 106.094
