1481908031 71.9873
1481908033 85.9454
1481908035 99.0946
1481908037 87.3587
1481908039 81.9743
1481908041 85.1358
1481908043 89.33
1481908045 92.8194
1481908047 96.2793
1481908050 89.6627
1481908052 93.749
1481908054 96.1246
1481908056 92.6247
1481908058 89.3459
1481908060 91.7874
1481908062 86.7913
1481908064 85.0909
1481908066 88.595
1481908068 68.3988
1481908070 84.463
1481908072 90.1929
1481908074 78.5829
1481908076 80.3967
1481908079 82.2023
1481908081 91.967
1481908083 50.0052
1481908085 70.8343
1481908087 98.4611
1481908089 96.3974
1481908091 91.0662
1481908093 81.3535
1481908095 91.982
1481908097 96.0157
1481908099 97.1728
1481908101 90.8326
1481908103 91.1094
1481908105 90.7051
1481908107 93.265
1481908110 88.187
1481908112 97.5248
1481908114 93.7837
1481908116 96.1034
1481908118 83.3274
1481908120 94.2747
1481908122 84.611
1481908124 95.4342
1481908126 98.1642
1481908128 97.1104
1481908130 82.1998
1481908132 99.1055
1481908134 99.4756
1481908136 91.6248
1481908139 96.2104
1481908141 91.0838
1481908143 91.8008
1481908145 84.0404
1481908147 98.2668
1481908149 94.054
1481908151 98.1128
1481908153 96.0349
1481908155 92.5887
1481908157 97.9947
