1481726142.38 0.6
1481726148.55 0.6
1481726154.29 0.91941708
1481726161.49 0.78361744
1481726169.44 0.80009395
1481726174.98 0.6
1481726180.51 0.6
1481726186.25 0.78584063
1481726193.46 0.68567735
1481726200.4 0.61489195
1481726205.6 0.56837225
1481726211.32 0.75610155
1481726217.9 0.77727318
1481726225.0 0.80648923
1481726231.32 0.58627766
1481726237.12 0.84517884
1481726242.45 0.82686418
1481726248.71 0.6
1481726254.46 0.76492769
1481726260.1 0.72483456
1481726266.21 0.70465082
1481726272.11 0.90711856
1481726278.8 0.726915
1481726286.0 0.4755128
1481726294.25 0.48975194
1481726301.77 0.63760823
1481726307.73 0.84798861
1481726313.58 0.94794887
1481726320.47 0.64878178
