1481726137 125.507
1481726139 74.4111
1481726141 101.753
1481726143 94.3912
1481726145 86.8909
1481726147 88.3555
1481726149 100.085
1481726152 93.2482
1481726154 90.8733
1481726156 92.1138
1481726158 94.7715
1481726169 106.759
1481726171 105.095
1481726173 105.809
1481726175 103.14
1481726177 104.582
1481726179 97.1515
1481726181 98.8114
1481726183 95.7874
1481726185 96.9186
1481726188 101.314
1481726190 98.2828
1481726192 96.0041
1481726194 96.2719
1481726196 92.5352
1481726198 94.6349
1481726200 94.6661
1481726202 99.9866
1481726204 96.5784
1481726206 97.2131
1481726208 95.9698
1481726210 95.2655
1481726212 97.0021
1481726214 99.905
1481726217 100.731
1481726219 99.5131
1481726221 99.5426
1481726223 101.494
1481726225 99.6804
1481726227 99.2805
1481726229 95.5037
1481726231 97.2755
1481726233 100.417
1481726235 97.5855
1481726237 101.92
1481726239 101.436
1481726241 97.9549
1481726243 97.74
1481726245 97.5486
1481726248 99.8926
1481726250 100.451
1481726252 99.654
1481726254 48.1322
1481726256 106.15
1481726258 111.576
1481726260 109.669
1481726262 99.6786
1481726264 98.7539
1481726266 97.5366
1481726268 97.2245
1481726270 98.6942
1481726272 95.0991
1481726274 97.8523
1481726276 98.1212
1481726279 99.1885
1481726281 97.5219
1481726283 96.6886
1481726285 99.3801
1481726287 101.739
1481726289 99.6012
1481726291 100.443
1481726293 101.402
1481726295 102.992
1481726297 100.697
1481726299 98.5204
1481726301 98.6244
1481726303 95.9795
1481726305 93.7214
1481726308 96.8209
1481726310 90.2005
1481726312 102.391
1481726314 100.485
1481726316 101.72
