1481726142.38 3167
1481726148.55 2447
1481726154.29 1496
1481726161.49 1361
1481726169.44 3054
1481726174.98 4018
1481726180.51 1374
1481726186.25 1289
1481726193.46 745
1481726200.4 646
1481726205.6 1033
1481726211.32 1652
1481726217.9 1371
1481726225.0 909
1481726231.32 3115
1481726237.12 1267
1481726242.45 1644
1481726248.71 1635
1481726254.46 611
1481726260.1 1457
1481726266.21 826
1481726272.11 799
1481726278.8 1489
1481726286.0 907
1481726294.25 1165
1481726301.77 827
1481726307.73 1746
1481726313.58 1668
1481726320.47 425
