1481910443 104.24
1481910445 80.801
1481910447 88.6464
1481910449 95.816
1481910451 78.3679
1481910453 96.5101
1481910455 102.932
1481910457 100.67
1481910459 97.0342
1481910461 97.511
1481910463 96.0851
1481910465 91.4415
1481910468 83.2884
1481910470 98.978
1481910472 110.501
1481910474 101.874
1481910476 96.974
1481910478 85.5038
1481910480 90.6152
1481910482 92.1975
1481910484 95.296
1481910486 92.5009
1481910488 86.8272
1481910490 85.2731
1481910492 76.643
1481910494 102.82
1481910496 99.7677
1481910499 109.306
1481910501 100.611
1481910503 96.9633
1481910505 99.6605
1481910507 97.4214
1481910509 97.4115
1481910511 92.8679
1481910513 93.0321
1481910515 93.4402
1481910517 93.008
