1481564345 77.4674
1481564347 74.2887
1481564349 76.2268
1481564351 74.3022
1481564353 80.883
1481564355 79.0865
1481564357 76.6447
1481564359 82.4329
1481564361 83.3915
1481564363 82.5805
1481564365 80.3283
1481564367 81.221
1481564369 76.9283
1481564371 79.2276
1481564373 82.9641
1481564375 80.6023
1481564377 80.9569
1481564379 82.3472
1481564381 83.4462
1481564383 79.6317
1481564385 79.6409
1481564387 79.9548
1481564389 79.2898
1481564391 81.349
1481564393 79.0387
1481564395 79.622
1481564397 74.2931
1481564399 78.2488
1481564401 75.1341
1481564403 79.5801
1481564405 80.827
1481564407 71.6702
1481564409 76.9312
1481564411 79.0307
1481564413 76.3453
1481564415 82.0268
1481564417 73.8511
1481564419 76.307
1481564421 78.8282
1481564423 78.2305
1481564425 78.8732
1481564427 78.311
1481564429 82.7093
1481564431 79.872
1481564433 72.7974
1481564435 74.05
1481564437 72.9038
1481564439 71.9885
1481564441 74.3644
1481564443 73.7672
1481564445 74.3621
1481564447 72.3599
1481564449 81.6109
1481564451 76.8054
1481564453 77.7431
1481564455 72.6189
1481564457 78.0317
1481564459 77.9841
1481564461 73.3781
1481564463 75.6622
1481564465 73.8447
1481564467 70.276
1481564469 74.8247
1481564471 76.0146
1481564473 75.0884
