1481562324 87.3994
1481562326 89.7988
1481562328 80.4562
1481562330 80.0344
1481562332 83.6143
1481562334 81.5171
1481562336 82.5304
1481562338 88.3192
1481562340 84.958
1481562342 83.9289
1481562344 85.4085
1481562346 85.0811
1481562348 87.458
1481562350 84.1064
1481562352 89.3926
1481562354 83.9677
1481562356 82.7024
1481562358 83.3118
1481562360 84.2081
1481562362 84.2143
1481562364 88.1013
1481562366 84.3589
1481562368 84.1109
1481562370 89.0392
1481562372 86.0104
1481562374 91.6593
1481562376 86.2345
1481562378 84.1033
1481562380 90.891
1481562382 84.7161
1481562384 89.53
1481562386 85.9114
1481562388 85.5542
1481562390 85.1384
1481562392 87.6083
1481562394 85.5115
1481562396 85.123
1481562398 89.5971
1481562400 88.2774
1481562402 88.2188
1481562404 86.0077
1481562406 85.5174
1481562408 88.7847
1481562410 87.0997
1481562412 84.4555
1481562414 91.2661
1481562416 85.8965
1481562418 86.3543
1481562420 86.8915
1481562422 84.8972
1481562424 83.9078
1481562426 85.5089
1481562428 78.4532
1481562430 82.6983
1481562432 90.1552
1481562434 94.6791
