1481738357 98.1853
1481738359 94.6206
1481738361 86.0841
1481738364 86.4556
1481738366 89.1082
1481738368 85.1845
1481738370 85.6436
1481738372 93.6138
1481738374 94.3927
1481738376 89.7888
1481738378 95.9323
1481738380 95.9758
1481738382 94.044
1481738384 89.3593
1481738386 97.6289
1481738388 98.527
1481738390 94.9044
1481738393 95.1286
1481738395 96.152
1481738397 91.9496
1481738399 93.7275
1481738401 93.1973
1481738403 92.8175
1481738405 92.8671
1481738407 87.444
1481738409 96.1318
1481738411 94.3726
1481738413 92.3164
1481738415 95.1499
1481738417 95.3295
1481738419 92.2524
1481738421 96.0468
1481738424 91.7111
1481738426 89.5528
1481738428 79.2991
1481738430 93.5628
1481738432 95.7937
1481738434 98.4355
1481738436 90.7912
1481738438 92.9349
1481738440 89.6154
1481738442 97.8298
1481738444 92.5343
1481738446 91.2047
1481738448 87.0879
1481738450 85.1097
1481738452 89.2652
1481738455 87.7471
1481738457 95.4128
1481738459 96.3998
1481738461 92.9477
1481738463 89.8579
1481738465 93.5526
1481738467 91.9218
1481738469 92.8402
1481738471 86.7901
1481738473 93.7691
1481738475 91.6108
1481738477 92.5442
1481738479 90.9539
1481738481 91.5259
1481738484 93.2355
1481738486 93.7788
1481738488 92.1784
1481738490 93.42
1481738492 83.5998
1481738494 87.7603
1481738496 94.0071
