1481916110 88.5587
1481916112 92.1618
1481916114 90.1567
1481916116 90.476
1481916119 90.4642
1481916121 92.1542
1481916123 92.1439
1481916125 81.2428
1481916127 73.9833
1481916129 79.8468
1481916131 80.2013
1481916133 80.6
1481916135 76.9176
1481916137 93.124
1481916139 80.4105
1481916141 79.2151
1481916143 81.7431
1481916145 82.5904
1481916148 83.3029
1481916150 77.9836
1481916152 79.1632
1481916154 75.3498
1481916156 83.0292
1481916158 73.0879
1481916160 68.1826
1481916162 78.2673
1481916164 77.4964
1481916166 82.9564
1481916168 85.9095
1481916170 84.0468
1481916172 94.3425
1481916174 90.6376
1481916177 89.5831
1481916179 88.6238
1481916181 82.0653
1481916183 91.1884
1481916185 92.7836
1481916187 91.0555
1481916189 91.1125
1481916191 94.781
1481916193 90.3077
1481916195 90.5671
1481916197 92.2982
1481916199 94.6235
1481916201 97.2371
1481916203 91.393
1481916205 89.9548
1481916208 87.6548
1481916210 88.3029
1481916212 88.1365
1481916214 89.9939
1481916216 90.1122
1481916218 90.9375
1481916220 88.6104
1481916222 89.1431
1481916224 91.0922
1481916226 89.3587
1481916228 89.4817
1481916230 100.794
1481916232 89.4148
1481916234 92.1246
1481916237 99.2008
