1481567382 92.7135
1481567384 90.5206
1481567386 93.953
1481567388 93.0657
1481567390 92.5783
1481567392 92.0125
1481567394 92.7836
1481567396 91.2849
1481567398 91.0722
1481567400 91.3734
1481567402 90.6301
1481567404 89.9439
1481567406 89.8595
1481567408 91.9988
1481567410 90.3296
1481567412 91.7484
1481567414 90.3666
1481567416 89.4164
1481567418 89.7796
1481567420 96.1624
1481567422 93.6216
1481567424 90.6293
1481567426 90.8082
1481567428 88.6717
1481567430 93.0638
1481567432 93.0377
1481567434 90.0602
1481567436 88.6244
