1481627075 67.5328
1481627077 67.5673
1481627079 70.1475
1481627081 68.9445
1481627083 67.4264
1481627085 72.3805
1481627087 77.337
1481627089 70.2471
1481627091 78.1789
1481627093 65.2736
1481627095 74.4646
1481627097 69.4863
1481627099 71.4723
1481627101 73.2421
1481627103 73.3078
1481627105 77.6253
1481627107 83.275
1481627109 84.4082
1481627111 80.0942
1481627113 81.7418
1481627115 84.4796
1481627117 83.4343
1481627119 80.6052
1481627121 83.4499
1481627123 86.4144
1481627125 80.292
1481627127 78.2993
1481627129 82.0955
1481627131 83.2261
1481627133 83.6263
1481627135 74.5143
1481627137 85.4643
1481627139 83.8823
1481627141 84.9183
1481627143 78.3026
1481627145 79.7694
1481627147 79.3878
1481627149 85.8493
1481627151 87.9646
1481627153 84.7431
1481627155 82.827
1481627157 87.0652
1481627159 84.1836
1481627161 83.9796
1481627163 82.0693
1481627165 85.4169
1481627167 80.7705
1481627169 82.8113
1481627171 77.9363
1481627173 77.651
1481627175 82.031
1481627177 81.2615
1481627179 83.6898
1481627181 84.3886
1481627183 82.4305
1481627185 81.4973
1481627187 81.707
1481627189 77.6348
1481627191 82.0606
1481627193 84.7658
1481627195 86.4094
1481627197 84.0618
