1481906494 78.5628
1481906496 80.3814
1481906498 81.7666
1481906500 81.6668
1481906502 89.5663
1481906504 87.9799
1481906506 85.9145
1481906508 90.8335
1481906510 90.3585
1481906512 86.5758
1481906514 87.0256
1481906516 90.1989
1481906519 86.969
1481906521 87.5216
1481906523 90.2051
1481906525 89.9254
1481906527 83.8985
1481906529 88.3715
1481906531 87.9709
1481906533 88.566
1481906535 89.0236
1481906537 88.6716
1481906539 88.7841
1481906541 90.4919
1481906543 -44.7095
1481906545 97.5358
1481906547 98.0991
1481906550 97.6374
1481906552 96.5849
1481906554 97.9363
1481906556 99.3473
1481906558 96.7286
1481906560 98.5382
1481906562 97.6957
1481906564 97.8446
1481906566 97.3089
1481906568 95.2621
1481906570 97.8837
1481906572 96.3519
1481906574 96.6052
1481906576 97.7944
1481906579 98.1791
1481906581 97.141
1481906583 99.0896
1481906585 97.9171
1481906587 96.6222
1481906589 97.7444
1481906591 100.09
1481906593 98.8169
1481906595 98.3849
1481906597 97.0887
1481906599 98.1353
1481906601 97.8447
1481906603 98.1457
1481906605 97.7321
1481906607 98.9166
1481906610 98.1792
1481906612 97.9727
1481906614 99.4403
