1481914841.54 0.89672059
1481914848.09 0.78880817
1481914854.75 0.73140442
1481914861.02 0.7759738
1481914868.84 0.81338787
1481914876.4 0.64690316
1481914883.42 0.76442164
1481914890.45 0.61
1481914896.87 0.68923914
1481914904.64 0.54962176
1481914913.29 0.65345442
1481914922.42 0.59313089
1481914928.41 0.83749425
1481914935.43 0.54859483
1481914942.63 0.81721205
1481914949.21 0.87464839
1481914957.24 0.61
1481914964.57 0.57729226
1481914970.38 0.84492606
1481914976.16 0.71865702
1481914982.88 0.82284826
1481914989.29 0.91112673
1481914995.68 0.84601617
1481915001.0 0
