1481914837 85.7511
1481914839 87.8215
1481914841 79.691
1481914844 79.0376
1481914846 78.2673
1481914848 77.8116
1481914850 90.7378
1481914852 86.2539
1481914854 83.7567
1481914856 83.9266
1481914858 84.7866
1481914860 86.4826
1481914862 83.8328
1481914864 86.0156
1481914866 85.2235
1481914868 83.9264
1481914870 84.8592
1481914872 85.4392
1481914875 85.5894
1481914877 83.6896
1481914879 84.0632
1481914881 84.6835
1481914883 83.0654
1481914885 82.517
1481914887 84.5374
1481914889 86.6483
1481914891 82.8892
1481914893 86.8382
1481914895 86.0997
1481914897 84.4274
1481914899 84.2513
1481914901 84.8976
1481914904 85.0528
1481914906 85.0378
1481914908 84.4041
1481914910 84.455
1481914912 84.0903
1481914914 85.8867
1481914916 85.1439
1481914918 85.4874
1481914920 83.9046
1481914922 84.4763
1481914924 83.9921
1481914926 84.8132
1481914928 85.9762
1481914930 87.0946
1481914933 85.7389
1481914935 83.9024
1481914937 84.1195
1481914939 84.0902
1481914941 83.7332
1481914943 82.9671
1481914945 84.1602
1481914947 89.0944
1481914949 86.7778
1481914951 84.7065
1481914953 84.2597
1481914955 83.8549
1481914957 84.8901
1481914959 84.7614
1481914961 84.2897
1481914964 84.2888
1481914966 83.5326
1481914968 84.136
1481914970 83.202
1481914972 83.619
1481914974 83.7843
1481914976 83.9648
1481914978 83.127
1481914980 83.3534
1481914982 82.4453
1481914984 83.757
1481914986 87.0547
1481914988 84.8264
1481914990 86.0105
1481914992 85.949
1481914995 85.0767
