1481644567.66 0.80936086
1481644575.39 0.81577349
1481644581.34 0.73235059
1481644586.98 0.85032171
1481644592.72 0.8106671
1481644598.16 0.73846531
1481644604.01 0.85341758
1481644610.06 0.83635533
1481644615.81 0.8775627
1481644621.76 0.84285474
1481644627.8 0.87439847
1481644633.77 0.80251902
1481644640.66 0.87099117
1481644645.99 0.88426447
1481644652.47 0
1481644659.47 0.774014
1481644666.47 0
1481644672.28 0.8692342
1481644678.43 0.87846267
1481644684.18 0.93189585
1481644691.42 0.80828917
1481644697.8 0
1481644705.21 0.82415754
1481644712.42 0.86927819
1481644717.96 0.88541853
1481644723.46 0.96029121
1481644728.82 0.96490157
1481644734.99 0
1481644743.86 0.70880896
1481644750.34 0.84985203
1481644756.19 0.89746475
