1481644567.66 0
1481644575.39 0
1481644581.34 2550
1481644586.98 773
1481644592.72 0
1481644598.16 1964
1481644604.01 226
1481644610.06 3568
1481644615.81 4470
1481644621.76 1022
1481644627.8 2387
1481644633.77 521
1481644640.66 894
1481644645.99 2388
1481644652.47 0
1481644659.47 418
1481644666.47 0
1481644672.29 2461
1481644678.43 1471
1481644684.18 1033
1481644691.42 474
1481644697.8 0
1481644705.21 15
1481644712.42 1381
1481644717.96 478
1481644723.46 1996
1481644728.82 501
1481644734.99 0
1481644743.86 392
1481644750.34 1391
1481644756.19 0
