1481737427.61 0.61
1481737434.4 0.63072562
1481737442.13 0.7061435
1481737449.12 0.61
1481737456.75 0.73856032
1481737466.05 0.61
1481737475.03 0.62749797
1481737481.9 0.79632968
1481737490.38 0.74992192
1481737496.86 0.82375026
1481737504.8 0.59122127
1481737512.9 0.61
1481737519.94 0.75214821
1481737527.05 0.77114916
1481737534.04 0.72998255
1481737540.31 0.85891402
1481737547.52 0.60562956
1481737554.41 0.72499985
1481737560.68 0.83506429
1481737567.88 0.8675437
1481737576.97 0.66140276
1481737584.28 0.74517876
1481737588.77 0
1481737593.58 0
1481737599.01 0
